
Parameters:
ALLOW_SOFT_PLACEMENT=True
BATCH_SIZE=64
CHECKPOINT_DIR=
EVAL_FILEPATH=validation.txt0
LOG_DEVICE_PLACEMENT=False
MODEL=runs/1532806682/checkpoints/model-1000
VOCAB_FILEPATH=runs/1532806682/checkpoints/vocab

Loading testing/labelled data from validation.txt0
46

Evaluating...

runs/1532806682/checkpoints/model-1000
[[array([2, 0, 0, 0, 0, 0, 0, 0, 0, 0, 0, 0, 0, 0, 0])
  array([8, 0, 0, 0, 0, 0, 0, 0, 0, 0, 0, 0, 0, 0, 0]) 0]
 [array([2, 0, 0, 0, 0, 0, 0, 0, 0, 0, 0, 0, 0, 0, 0])
  array([24, 18,  8, 17,  3,  4, 24, 18, 27, 30, 23,  8,  7,  4, 26]) 1]
 [array([2, 0, 0, 0, 0, 0, 0, 0, 0, 0, 0, 0, 0, 0, 0])
  array([23, 15,  5, 19,  3,  8,  4, 13,  5,  6,  6, 18, 21, 24,  4]) 0]
 ..., 
 [array([ 1,  3, 15, 15, 18,  4, 19, 21,  3,  2,  4, 26, 25, 10, 11])
  array([2, 0, 0, 0, 0, 0, 0, 0, 0, 0, 0, 0, 0, 0, 0]) 0]
 [array([28, 18, 21, 21, 23,  7,  5,  8,  4, 21,  3,  2,  8,  5,  6])
  array([2, 0, 0, 0, 0, 0, 0, 0, 0, 0, 0, 0, 0, 0, 0]) 1]
 [array([27, 18, 24,  3,  4, 15,  5, 22, 22,  7,  4, 25, 34, 11, 12])
  array([2, 0, 0, 0, 0, 0, 0, 0, 0, 0, 0, 0, 0, 0, 0]) 1]]
(1089, 3)
[ 0.99402517  0.3956621   0.39512375  0.3764928   0.99403363  0.99402374
  0.40767983  0.40541112  0.37932664  0.39748725  0.37913376  0.99459535
  0.37790653  0.99402374  0.37717867  0.99402374  0.99402374  0.99373782
  0.38890913  0.99098271  0.99385399  0.39822593  0.37745109  0.39678067
  0.40434271  0.39829302  0.9941383   0.9930464   0.99472427  0.3850064
  0.99153858  0.4168117   0.99108106  0.37873572  0.37664926  0.37694147
  0.99291164  0.37968668  0.37818256  0.40301839  0.99402374  0.38998714
  0.37792534  0.37817505  0.39714426  0.37711418  0.37761483  0.37628996
  0.37637615  0.3772842   0.4016642   0.99402374  0.99402374  0.40830699
  0.37683174  0.37699032  0.99425977  0.99410003  0.98981321  0.37749374
  0.4012129   0.40818378  0.38724318  0.38565803  0.99432504  0.99455613
  0.99412733  0.38035223  0.38931894  0.37699109  0.9943431   0.37695354
  0.99274439  0.99097186  0.39940292  0.39522356  0.37932664  0.99485838
  0.37775967  0.39974877  0.37673074  0.37651265  0.99402374  0.39202228
  0.37581739  0.39735314  0.37899315  0.99411821  0.99402374  0.39425829
  0.99402374  0.3802945   0.37713152  0.37655818  0.40912399  0.37608764
  0.39690045  0.40192953  0.99402374  0.39443579  0.99454814  0.38536933
  0.37624899  0.99362671  0.38022041  0.37760419  0.39799196  0.99402374
  0.37714896  0.38279948  0.37738961  0.39237538  0.37971133  0.40433934
  0.38226989  0.99506623  0.99402374  0.37817931  0.4042134   0.40329278
  0.37842444  0.38743284  0.99402374  0.37790167  0.40276298  0.37641573
  0.99297464  0.99402374]
DEV acc 0.671875
[ 0.38310942  0.99402374  0.99355543  0.39196432  0.99402374  0.99402672
  0.37810972  0.37878168  0.40044415  0.39943135  0.40241614  0.37894422
  0.99402374  0.99384576  0.3765547   0.99365568  0.38153306  0.39427638
  0.38601425  0.99403816  0.37773293  0.99402374  0.38010347  0.9944154
  0.39176184  0.37841102  0.99402374  0.38019702  0.99402374  0.37689888
  0.99330372  0.99478304  0.99440765  0.37722445  0.37632111  0.39056328
  0.99402374  0.37778413  0.99230051  0.38493234  0.99386472  0.38610986
  0.3780036   0.99402648  0.37770826  0.37728262  0.40425357  0.39128014
  0.9943673   0.41897225  0.37859911  0.99402374  0.37847096  0.39652964
  0.40818378  0.37683862  0.99430835  0.99395257  0.38589048  0.37786567
  0.38682362  0.38533694  0.39725104  0.37680757  0.99402374  0.39118183
  0.37622386  0.39198124  0.3790921   0.37776017  0.99402374  0.39674386
  0.4011153   0.99271572  0.37718767  0.39815056  0.41998249  0.99402374
  0.99402374  0.99234235  0.37865931  0.99402374  0.99383831  0.99361569
  0.3768172   0.37586093  0.38899624  0.37655038  0.39615941  0.38640425
  0.99471861  0.3780964   0.99402374  0.40039733  0.3960388   0.3772122
  0.37762824  0.37664899  0.37606856  0.99316466  0.99402374  0.99402374
  0.37930146  0.99460924  0.99402374  0.37589335  0.37795347  0.99409002
  0.37777641  0.99270093  0.39651805  0.40770063  0.38090414  0.37703925
  0.37963441  0.37828669  0.99402374  0.37710211  0.38731831  0.99403262
  0.99402374  0.37632996  0.3982794   0.37874961  0.40990302  0.37617096
  0.38577664  0.39371651]
DEV acc 0.6953125
[ 0.37821209  0.40011543  0.99402374  0.99144691  0.37679964  0.37836558
  0.37822148  0.994008    0.37718463  0.99402374  0.37777314  0.39671665
  0.37719798  0.37732723  0.37618232  0.99402374  0.9903053   0.39280671
  0.9931401   0.99353504  0.37799057  0.39582539  0.99315792  0.37764704
  0.40014234  0.3784402   0.37581384  0.3988378   0.37910345  0.39190352
  0.99402374  0.39160159  0.37683344  0.38576582  0.39585468  0.99307758
  0.37863135  0.99402374  0.99402374  0.37702543  0.40050119  0.99402374
  0.40026256  0.37638304  0.38363129  0.37724409  0.37786567  0.99402374
  0.38255888  0.39864507  0.99473739  0.99402374  0.37594381  0.37649333
  0.37689689  0.37613219  0.99402374  0.37579194  0.41308844  0.38248017
  0.3987307   0.37569785  0.99399006  0.39632487  0.37687537  0.38037935
  0.37730777  0.99402374  0.37779549  0.37637582  0.99402374  0.40845484
  0.99393159  0.99420184  0.37640461  0.40447029  0.9929722   0.39572221
  0.99402374  0.99404538  0.39611501  0.37588671  0.40691322  0.40434363
  0.37965187  0.39024213  0.37874284  0.38011438  0.39682484  0.99402374
  0.37728751  0.99402374  0.37809336  0.39885718  0.37748423  0.99140531
  0.38952035  0.40426517  0.99485052  0.99402374  0.99292469  0.99402374
  0.99457747  0.99402672  0.99402672  0.99463701  0.99395275  0.39437866
  0.40302444  0.37574953  0.39528936  0.99396944  0.40777248  0.37719378
  0.40630603  0.37810177  0.99339533  0.37853098  0.38628468  0.39755717
  0.37571174  0.40841219  0.37730527  0.40417543  0.38447207  0.99402374
  0.37800944  0.39147851]
DEV acc 0.671875
[ 0.99150592  0.99402374  0.3967706   0.40603152  0.39884856  0.39508671
  0.42329022  0.37640104  0.39812097  0.99402374  0.99354625  0.40047771
  0.39245969  0.99512291  0.3801235   0.99402672  0.99402374  0.99406183
  0.99460375  0.37675175  0.99423331  0.38726711  0.99402374  0.99370873
  0.9936834   0.40399784  0.37841699  0.38161701  0.37732828  0.41674316
  0.99295348  0.39662051  0.40276229  0.37794617  0.99325955  0.39109784
  0.99366754  0.37802783  0.37700915  0.37713343  0.37721625  0.37707436
  0.99404645  0.37667501  0.40805933  0.99402374  0.40038985  0.38905719
  0.37643424  0.9912855   0.38375416  0.99402374  0.99427682  0.99402374
  0.99385428  0.4005093   0.37702063  0.39716035  0.3983528   0.40256754
  0.99402374  0.38881257  0.99402672  0.39611501  0.42592347  0.38494483
  0.99442554  0.99402374  0.99402374  0.99402374  0.37716052  0.3943547
  0.99402374  0.39706555  0.99402374  0.99402374  0.39155343  0.99402374
  0.99310595  0.40372026  0.99402672  0.99402374  0.99382323  0.99402374
  0.38952035  0.99402374  0.37743264  0.39096951  0.38142577  0.99429047
  0.99430889  0.38592193  0.37749374  0.994057    0.99423152  0.99402374
  0.37700143  0.99402374  0.9928515   0.38158506  0.37779838  0.99402374
  0.39493987  0.39878079  0.39923966  0.40640348  0.3777706   0.99475169
  0.37693909  0.37823337  0.3885566   0.37744167  0.99402517  0.37874252
  0.37683973  0.39928848  0.37612349  0.40303659  0.39114735  0.37857777
  0.37830189  0.37679121  0.99308288  0.37904599  0.99402374  0.38569635
  0.38287869  0.99402374]
DEV acc 0.6796875
[ 0.99402374  0.99402374  0.39177278  0.37716004  0.37713948  0.99478728
  0.37881228  0.37755245  0.40052536  0.37716907  0.37760419  0.99402374
  0.40792304  0.99402374  0.38588649  0.3894985   0.37670738  0.99402374
  0.38055596  0.37773421  0.37647629  0.377455    0.37843689  0.99402374
  0.99308997  0.99402517  0.37856489  0.40716916  0.99402374  0.40415332
  0.37663338  0.99402374  0.37731525  0.40550855  0.37672672  0.38881493
  0.37600991  0.40535101  0.37656689  0.37761649  0.99242133  0.40829581
  0.99402374  0.37729305  0.37879083  0.38376221  0.37696192  0.99402517
  0.37751877  0.40640938  0.40392926  0.39572066  0.99130231  0.37698653
  0.99367905  0.38322088  0.38299489  0.99402374  0.37856871  0.39723894
  0.37724456  0.99210793  0.99402374  0.41289502  0.37872082  0.41441563
  0.37662399  0.37662593  0.40201983  0.37665465  0.99402374  0.40765974
  0.99344361  0.37728548  0.99402374  0.378517    0.37688294  0.99402374
  0.37734893  0.37596619  0.99402374  0.38982919  0.40249559  0.40330821
  0.99414533  0.41941014  0.37995666  0.3798911   0.40209284  0.40538967
  0.99402374  0.37741905  0.99290705  0.37653792  0.99423456  0.37615573
  0.37879607  0.41086301  0.41111684  0.99402374  0.9936049   0.37717468
  0.99402374  0.40311474  0.38937527  0.39784953  0.38633427  0.99402374
  0.38902441  0.38882178  0.41640007  0.37725094  0.38137326  0.99402374
  0.39456418  0.99402374  0.99402374  0.4101221   0.3967244   0.37805018
  0.37665135  0.99402374  0.99402374  0.39691091  0.40251094  0.3777183
  0.37668279  0.99402374]
DEV acc 0.6796875
[ 0.99428666  0.41039655  0.37757805  0.41031662  0.3764737   0.99402374
  0.37768608  0.39247644  0.3770788   0.9948622   0.39608818  0.99402374
  0.37782231  0.99402374  0.99159944  0.39568254  0.3772012   0.99084771
  0.99308926  0.99402374  0.39867324  0.37814853  0.99402517  0.37693489
  0.99440163  0.37571663  0.99402374  0.99371308  0.3911607   0.38881981
  0.99402374  0.99402374  0.37599406  0.38970098  0.37724409  0.37702063
  0.37816501  0.99402374  0.99402374  0.98949468  0.37809223  0.40494528
  0.99392718  0.406028    0.40844688  0.3794201   0.40251866  0.37688556
  0.99402374  0.38295758  0.3862837   0.37745774  0.37574211  0.99334484
  0.99433982  0.37809905  0.3757154   0.38228956  0.37823448  0.3768979
  0.37813559  0.37567723  0.41359526  0.99402374  0.37884542  0.39722532
  0.38514784  0.38836914  0.37670371  0.99402374  0.37668708  0.39316422
  0.4005006   0.37921152  0.37540013  0.38989159  0.99402374  0.37587082
  0.99486059  0.37964135  0.40044221  0.99438417  0.37671599  0.99402374
  0.37694854  0.37650079  0.41163024  0.38361084  0.37630534  0.4071461
  0.37742826  0.39346585  0.37763295  0.99402374  0.39327589  0.39131477
  0.99402374  0.37731808  0.39242822  0.99399197  0.99402374  0.37790608
  0.38357848  0.99445766  0.99413258  0.39418206  0.99453646  0.37816617
  0.99376851  0.99406368  0.3766962   0.99499702  0.39348     0.99392611
  0.38107613  0.99402374  0.37683862  0.37881598  0.37844568  0.3777414
  0.37634233  0.37589157  0.99308664  0.37686852  0.39723119  0.38038951
  0.40279141  0.40143418]
DEV acc 0.609375
[ 0.40182871  0.40137771  0.99402374  0.39391446  0.40256676  0.37714928
  0.99402374  0.39571023  0.40798366  0.40232894  0.37876597  0.99264646
  0.40439498  0.39146829  0.40174571  0.99402374  0.99402374  0.3944816
  0.42602023  0.99402374  0.39653289  0.39611822  0.40946564  0.37748244
  0.41076091  0.38561019  0.9940201   0.37625057  0.37656245  0.37647966
  0.392728    0.99359858  0.99402374  0.39387837  0.40078613  0.37741113
  0.41486368  0.40153027  0.99450779  0.37619114  0.37555599  0.39345691
  0.99402374  0.3775039   0.99402374  0.99453187  0.37758717  0.99426687
  0.37874955  0.3877961   0.99402374  0.99402374  0.99265319  0.37572363
  0.37642324  0.37724778  0.40302444  0.41705069  0.39570755  0.37861717
  0.37623832  0.37656245  0.99402374  0.40684474  0.9909876   0.40789461
  0.39092493  0.99346954  0.39739236  0.38665745  0.37751248  0.42107704
  0.37706897  0.39413869  0.37676376  0.40799361  0.39806697  0.37858689
  0.99456173  0.40450534  0.99402374  0.39782089  0.40726942  0.37666109
  0.99402374  0.40255502  0.37735346  0.99504554  0.37789401  0.40835261
  0.99367517  0.99402374  0.40194464  0.99402374  0.38970098  0.99455464
  0.99093795  0.3775906   0.37940073  0.99428165  0.99112332  0.9943307
  0.99402374  0.99402374  0.3978523   0.37647954  0.37768486  0.37799135
  0.39355081  0.37790811  0.3764196   0.39170876  0.37800243  0.3937099
  0.37714663  0.99402374  0.37701955  0.39252648  0.99402374  0.41674063
  0.99402374  0.40619212  0.38934734  0.40696043  0.99402672  0.99402374
  0.37913457  0.37597793]
DEV acc 0.6640625
[ 0.99402374  0.37709048  0.99290347  0.99400526  0.37692565  0.38875219
  0.40061471  0.37622523  0.99402672  0.38576582  0.99402374  0.99401718
  0.37682912  0.4010686   0.99403226  0.99459124  0.39596984  0.40685019
  0.37782454  0.99407154  0.37712038  0.40379959  0.37628996  0.99405539
  0.38007325  0.40465948  0.99402374  0.39920759  0.40306678  0.37612799
  0.99402374  0.37644887  0.37617221  0.40433186  0.99410242  0.37576199
  0.99473137  0.37590319  0.9941107   0.37744862  0.37755704  0.37603489
  0.99402374  0.99402374  0.38103521  0.99398166  0.99404198  0.38902441
  0.99450672  0.37731415  0.99366647  0.40380195  0.99402374  0.3787455
  0.99402374  0.99402374  0.99447626  0.99385166  0.40197381  0.99131382
  0.3770752   0.4053382   0.37546444  0.3932572   0.37846482  0.99402374
  0.39063048  0.40366095  0.37925118  0.37728292  0.37861389  0.3761135
  0.37583369  0.99405569  0.99363238  0.41397455  0.37951934  0.37976101
  0.40433964  0.99495828  0.38090414  0.99402374  0.40388143  0.37987649
  0.41406998  0.9906978   0.3787784   0.37733632  0.39434838  0.39574888
  0.39982891  0.39669058  0.37665966  0.99402374  0.39025977  0.38635346
  0.99094898  0.37815839  0.39778608  0.40060672  0.37858477  0.38920724
  0.99402374  0.37946758  0.40044415  0.39754584  0.37918168  0.37651008
  0.38121402  0.99402374  0.99402374  0.37856242  0.37857905  0.40890095
  0.39076075  0.38950163  0.99415696  0.37792593  0.99435389  0.99459833
  0.99431753  0.39259547  0.4000631   0.37659538  0.37805274  0.99460059
  0.38187179  0.39726073]
DEV acc 0.65625
[ 0.39363056  0.99402374  0.3822037   0.38149911  0.38396424  0.99055392
  0.39526549  0.39762652  0.40068772  0.38261878  0.3977184   0.40086752
  0.3769491   0.40003866  0.38071436  0.41229621  0.99371737  0.3950491
  0.3876425   0.99402374  0.38081479  0.99402374  0.3987799   0.37709934
  0.37779024  0.40958151  0.38440821  0.37680602  0.39191994  0.39399761
  0.99402374  0.37587887  0.39370215  0.37772912  0.37639818  0.38742644
  0.99348414  0.37685797  0.38246047  0.38777852  0.37675595  0.39442435
  0.40390766  0.99402374  0.99131715  0.38565803  0.99387884  0.37706554
  0.39009899  0.38198569  0.40325817  0.37838328  0.37714562  0.37825367
  0.40265569  0.39601788  0.37856242  0.99389452  0.39721501  0.99402374
  0.99402374  0.37846646  0.37616384  0.37817964  0.3773897 ]
DEV acc 0.523076951504
0.994025170803
0.395662099123
0.395123749971
0.376492798328
0.994033634663
0.994023740292
0.407679826021
0.405411124229
0.37932664156
0.397487252951
0.379133760929
0.994595348835
0.377906531096
0.994023740292
0.377178668976
0.994023740292
0.994023740292
0.993737816811
0.388909131289
0.990982711315
0.993853986263
0.398225933313
0.377451092005
0.396780669689
0.404342710972
0.398293018341
0.994138300419
0.993046402931
0.994724273682
0.385006397963
0.991538584232
0.416811704636
0.991081058979
0.378735721111
0.376649260521
0.376941472292
0.992911636829
0.379686683416
0.378182560205
0.403018385172
0.994023740292
0.389987140894
0.377925336361
0.37817505002
0.397144258022
0.37711417675
0.377614825964
0.376289963722
0.376376152039
0.377284198999
0.401664197445
0.994023740292
0.994023740292
0.408306986094
0.376831740141
0.376990318298
0.994259774685
0.994100034237
0.98981320858
0.377493739128
0.401212900877
0.408183783293
0.387243181467
0.385658025742
0.994325041771
0.994556128979
0.994127333164
0.38035222888
0.389318943024
0.376991093159
0.994343101978
0.376953542233
0.992744386196
0.99097186327
0.399402916431
0.395223557949
0.37932664156
0.994858384132
0.377759665251
0.399748772383
0.37673074007
0.376512646675
0.994023740292
0.392022281885
0.375817388296
0.3973531425
0.378993153572
0.994118213654
0.994023740292
0.394258290529
0.994023740292
0.380294501781
0.377131521702
0.376558184624
0.409123986959
0.376087635756
0.396900445223
0.401929527521
0.994023740292
0.394435793161
0.994548141956
0.385369330645
0.376248985529
0.993626713753
0.380220413208
0.377604186535
0.39799195528
0.994023740292
0.37714895606
0.382799476385
0.377389609814
0.392375379801
0.379711329937
0.404339343309
0.382269889116
0.995066225529
0.994023740292
0.378179311752
0.404213398695
0.403292775154
0.378424435854
0.387432843447
0.994023740292
0.377901673317
0.402762979269
0.376415729523
0.992974638939
0.994023740292
0.383109420538
0.994023740292
0.993555426598
0.391964316368
0.994023740292
0.994026720524
0.37810972333
0.378781676292
0.400444149971
0.399431347847
0.402416139841
0.378944218159
0.994023740292
0.993845760822
0.376554697752
0.99365568161
0.381533056498
0.394276380539
0.386014252901
0.994038164616
0.377732932568
0.994023740292
0.380103468895
0.994415402412
0.39176183939
0.378411024809
0.994023740292
0.380197018385
0.994023740292
0.376898884773
0.993303716183
0.994783043861
0.994407653809
0.377224445343
0.376321107149
0.39056327939
0.994023740292
0.377784132957
0.992300510406
0.384932339191
0.993864715099
0.386109858751
0.37800359726
0.994026482105
0.377708256245
0.377282619476
0.404253572226
0.391280144453
0.994367301464
0.418972253799
0.378599107265
0.994023740292
0.378470957279
0.396529644728
0.408183783293
0.376838624477
0.99430835247
0.993952572346
0.385890483856
0.377865672112
0.386823624372
0.38533693552
0.397251039743
0.376807570457
0.994023740292
0.391181826591
0.376223862171
0.391981244087
0.379092097282
0.37776017189
0.994023740292
0.396743863821
0.401115298271
0.992715716362
0.377187669277
0.39815056324
0.419982492924
0.994023740292
0.994023740292
0.992342352867
0.378659307957
0.994023740292
0.993838310242
0.993615686893
0.376817196608
0.375860929489
0.388996243477
0.376550376415
0.396159410477
0.386404246092
0.99471861124
0.378096401691
0.994023740292
0.400397330523
0.396038800478
0.377212196589
0.377628237009
0.3766489923
0.376068562269
0.993164658546
0.994023740292
0.994023740292
0.379301458597
0.994609236717
0.994023740292
0.375893354416
0.377953469753
0.994090020657
0.377776414156
0.99270093441
0.396518051624
0.407700628042
0.380904138088
0.377039253712
0.379634410143
0.37828668952
0.994023740292
0.37710210681
0.387318313122
0.994032621384
0.994023740292
0.376329958439
0.39827939868
0.378749608994
0.409903019667
0.376170963049
0.385776638985
0.393716514111
0.378212094307
0.400115430355
0.994023740292
0.991446912289
0.37679964304
0.378365576267
0.378221482038
0.994008004665
0.37718462944
0.994023740292
0.3777731359
0.396716654301
0.377197980881
0.377327233553
0.376182317734
0.994023740292
0.990305304527
0.392806708813
0.993140101433
0.993535041809
0.377990573645
0.395825386047
0.993157923222
0.377647042274
0.400142341852
0.378440201283
0.37581384182
0.398837804794
0.379103451967
0.39190351963
0.994023740292
0.391601592302
0.376833438873
0.385765820742
0.39585468173
0.99307757616
0.378631353378
0.994023740292
0.994023740292
0.377025425434
0.400501191616
0.994023740292
0.400262564421
0.376383036375
0.383631289005
0.377244085073
0.377865672112
0.994023740292
0.382558882236
0.398645073175
0.994737386703
0.994023740292
0.375943809748
0.37649333477
0.376896888018
0.376132190228
0.994023740292
0.375791937113
0.413088440895
0.382480174303
0.398730695248
0.375697851181
0.993990063667
0.396324872971
0.376875370741
0.380379348993
0.377307772636
0.994023740292
0.377795487642
0.376375824213
0.994023740292
0.408454835415
0.993931591511
0.99420183897
0.376404613256
0.404470294714
0.992972195148
0.395722210407
0.994023740292
0.994045376778
0.396115005016
0.375886708498
0.406913220882
0.404343634844
0.379651874304
0.390242129564
0.378742843866
0.380114376545
0.396824836731
0.994023740292
0.377287507057
0.994023740292
0.378093361855
0.398857176304
0.377484232187
0.991405308247
0.389520347118
0.404265165329
0.994850516319
0.994023740292
0.992924690247
0.994023740292
0.994577467442
0.994026720524
0.994026720524
0.994637012482
0.99395275116
0.394378662109
0.403024435043
0.375749528408
0.395289361477
0.99396944046
0.407772481441
0.377193778753
0.406306028366
0.378101766109
0.993395328522
0.378530979156
0.386284679174
0.397557169199
0.375711739063
0.408412188292
0.377305269241
0.404175430536
0.384472072124
0.994023740292
0.378009438515
0.391478508711
0.991505920887
0.994023740292
0.396770596504
0.406031519175
0.398848563433
0.395086705685
0.423290222883
0.376401036978
0.398120969534
0.994023740292
0.993546247482
0.400477707386
0.392459690571
0.995122909546
0.380123496056
0.994026720524
0.994023740292
0.99406182766
0.99460375309
0.376751750708
0.994233310223
0.387267112732
0.994023740292
0.993708729744
0.99368339777
0.403997838497
0.378416985273
0.38161700964
0.377328276634
0.416743159294
0.99295347929
0.396620512009
0.402762293816
0.377946168184
0.993259549141
0.391097843647
0.993667542934
0.378027826548
0.377009153366
0.37713342905
0.377216249704
0.377074360847
0.994046449661
0.376675009727
0.408059328794
0.994023740292
0.40038985014
0.389057189226
0.376434236765
0.991285502911
0.38375416398
0.994023740292
0.994276821613
0.994023740292
0.993854284286
0.400509297848
0.37702062726
0.397160351276
0.3983528018
0.402567535639
0.994023740292
0.388812571764
0.994026720524
0.396115005016
0.425923466682
0.384944826365
0.994425535202
0.994023740292
0.994023740292
0.994023740292
0.377160519361
0.394354701042
0.994023740292
0.397065550089
0.994023740292
0.994023740292
0.391553431749
0.994023740292
0.993105947971
0.403720259666
0.994026720524
0.994023740292
0.993823230267
0.994023740292
0.389520347118
0.994023740292
0.377432644367
0.390969514847
0.381425768137
0.994290471077
0.994308888912
0.385921925306
0.377493739128
0.994056999683
0.994231522083
0.994023740292
0.377001434565
0.994023740292
0.992851495743
0.38158506155
0.377798378468
0.994023740292
0.394939869642
0.398780792952
0.399239659309
0.40640348196
0.377770602703
0.994751691818
0.376939088106
0.378233373165
0.388556599617
0.377441674471
0.994025170803
0.378742516041
0.376839727163
0.399288475513
0.376123487949
0.403036594391
0.391147345304
0.378577768803
0.378301888704
0.376791208982
0.993082880974
0.37904599309
0.994023740292
0.385696351528
0.382878690958
0.994023740292
0.994023740292
0.994023740292
0.391772776842
0.377160042524
0.377139478922
0.994787275791
0.378812283278
0.377552449703
0.4005253613
0.377169072628
0.377604186535
0.994023740292
0.407923042774
0.994023740292
0.385886490345
0.389498502016
0.37670737505
0.994023740292
0.380555957556
0.377734214067
0.376476287842
0.377454996109
0.378436893225
0.994023740292
0.993089973927
0.994025170803
0.378564894199
0.407169163227
0.994023740292
0.404153317213
0.376633375883
0.994023740292
0.377315253019
0.405508548021
0.376726716757
0.388814926147
0.376009911299
0.405351012945
0.376566886902
0.377616494894
0.992421329021
0.408295810223
0.994023740292
0.377293050289
0.378790825605
0.383762210608
0.376961916685
0.994025170803
0.377518773079
0.40640938282
0.403929263353
0.395720660686
0.99130231142
0.376986533403
0.993679046631
0.383220881224
0.382994890213
0.994023740292
0.378568708897
0.397238940001
0.377244561911
0.992107927799
0.994023740292
0.412895023823
0.37872081995
0.414415627718
0.376623988152
0.376625925303
0.402019828558
0.376654654741
0.994023740292
0.407659739256
0.993443608284
0.377285480499
0.994023740292
0.378517001867
0.376882940531
0.994023740292
0.377348929644
0.375966191292
0.994023740292
0.389829188585
0.402495592833
0.403308212757
0.994145333767
0.419410139322
0.379956662655
0.379891097546
0.402092844248
0.405389666557
0.994023740292
0.377419054508
0.992907047272
0.376537919044
0.99423456192
0.376155734062
0.378796070814
0.410863012075
0.411116838455
0.994023740292
0.993604898453
0.377174675465
0.994023740292
0.40311473608
0.389375269413
0.397849529982
0.386334270239
0.994023740292
0.389024406672
0.388821780682
0.416400074959
0.377250939608
0.381373256445
0.994023740292
0.394564181566
0.994023740292
0.994023740292
0.410122096539
0.396724402905
0.378050178289
0.376651346684
0.994023740292
0.994023740292
0.396910905838
0.402510941029
0.377718299627
0.376682788134
0.994023740292
0.99428665638
0.410396546125
0.377578049898
0.410316616297
0.37647369504
0.994023740292
0.377686083317
0.392476439476
0.377078801394
0.99486219883
0.396088182926
0.994023740292
0.377822309732
0.994023740292
0.991599440575
0.395682543516
0.377201199532
0.990847706795
0.993089258671
0.994023740292
0.39867323637
0.378148525953
0.994025170803
0.376934885979
0.994401633739
0.375716626644
0.994023740292
0.993713080883
0.391160696745
0.388819813728
0.994023740292
0.994023740292
0.375994056463
0.389700978994
0.377244085073
0.37702062726
0.378165006638
0.994023740292
0.994023740292
0.989494681358
0.378092229366
0.404945284128
0.993927180767
0.406028002501
0.408446878195
0.379420101643
0.40251865983
0.376885563135
0.994023740292
0.382957577705
0.386283695698
0.377457737923
0.37574210763
0.993344843388
0.994339823723
0.378099054098
0.375715404749
0.382289558649
0.378234475851
0.376897901297
0.378135591745
0.375677227974
0.41359525919
0.994023740292
0.37884542346
0.397225320339
0.385147839785
0.388369143009
0.376703709364
0.994023740292
0.376687079668
0.393164217472
0.40050059557
0.379211515188
0.37540012598
0.389891594648
0.994023740292
0.37587082386
0.994860589504
0.379641354084
0.40044221282
0.994384169579
0.376715987921
0.994023740292
0.376948535442
0.376500785351
0.411630243063
0.383610844612
0.376305341721
0.40714609623
0.377428263426
0.393465846777
0.377632945776
0.994023740292
0.393275886774
0.391314774752
0.994023740292
0.37731808424
0.392428219318
0.993991971016
0.994023740292
0.377906084061
0.38357847929
0.994457662106
0.994132578373
0.394182056189
0.994536459446
0.378166168928
0.993768513203
0.994063675404
0.376696199179
0.994997024536
0.39348000288
0.993926107883
0.381076127291
0.994023740292
0.376838624477
0.378815978765
0.37844568491
0.377741396427
0.376342326403
0.375891566277
0.993086636066
0.376868516207
0.397231191397
0.380389511585
0.402791410685
0.401434183121
0.401828706264
0.40137770772
0.994023740292
0.393914461136
0.402566760778
0.377149283886
0.994023740292
0.395710229874
0.407983660698
0.402328938246
0.378765970469
0.992646455765
0.404394984245
0.391468286514
0.401745706797
0.994023740292
0.994023740292
0.394481599331
0.426020234823
0.994023740292
0.396532893181
0.396118223667
0.409465640783
0.377482444048
0.410760909319
0.385610193014
0.994020104408
0.376250565052
0.376562446356
0.376479655504
0.392728000879
0.99359858036
0.994023740292
0.393878370523
0.40078613162
0.37741112709
0.414863675833
0.401530265808
0.994507789612
0.376191139221
0.375555992126
0.39345690608
0.994023740292
0.37750390172
0.994023740292
0.994531869888
0.377587169409
0.994266867638
0.378749549389
0.387796103954
0.994023740292
0.994023740292
0.99265319109
0.37572363019
0.376423239708
0.377247780561
0.403024435043
0.417050689459
0.395707547665
0.378617167473
0.376238316298
0.376562446356
0.994023740292
0.406844735146
0.990987598896
0.407894611359
0.390924930573
0.993469536304
0.397392362356
0.386657446623
0.377512484789
0.421077042818
0.377068966627
0.39413869381
0.376763761044
0.407993614674
0.398066967726
0.378586888313
0.994561731815
0.404505342245
0.994023740292
0.39782088995
0.40726941824
0.376661092043
0.994023740292
0.402555018663
0.377353459597
0.995045542717
0.37789401412
0.408352613449
0.993675172329
0.994023740292
0.401944637299
0.994023740292
0.389700978994
0.994554638863
0.990937948227
0.377590596676
0.379400730133
0.99428164959
0.991123318672
0.994330704212
0.994023740292
0.994023740292
0.397852301598
0.376479536295
0.377684861422
0.377991348505
0.393550813198
0.377908110619
0.376419603825
0.391708761454
0.378002434969
0.393709897995
0.377146631479
0.994023740292
0.377019554377
0.392526477575
0.994023740292
0.416740626097
0.994023740292
0.40619212389
0.389347344637
0.406960427761
0.994026720524
0.994023740292
0.379134565592
0.375977933407
0.994023740292
0.377090483904
0.992903470993
0.994005262852
0.376925647259
0.388752192259
0.400614708662
0.376225233078
0.994026720524
0.385765820742
0.994023740292
0.994017183781
0.376829117537
0.401068598032
0.994032263756
0.994591236115
0.395969837904
0.406850188971
0.377824544907
0.994071543217
0.377120375633
0.403799593449
0.376289963722
0.994055390358
0.38007324934
0.404659479856
0.994023740292
0.39920759201
0.403066784143
0.3761279881
0.994023740292
0.376448869705
0.376172214746
0.404331862926
0.994102418423
0.375761985779
0.994731366634
0.375903189182
0.994110703468
0.377448618412
0.377557039261
0.376034885645
0.994023740292
0.994023740292
0.381035208702
0.993981659412
0.994041979313
0.389024406672
0.994506716728
0.377314150333
0.993666470051
0.403801947832
0.994023740292
0.378745496273
0.994023740292
0.994023740292
0.994476258755
0.993851661682
0.401973813772
0.991313815117
0.377075195312
0.405338197947
0.375464439392
0.393257200718
0.378464818001
0.994023740292
0.390630483627
0.403660953045
0.379251182079
0.3772829175
0.378613889217
0.376113504171
0.375833690166
0.994055688381
0.993632376194
0.413974553347
0.379519343376
0.379761010408
0.404339641333
0.994958281517
0.380904138088
0.994023740292
0.403881430626
0.379876494408
0.414069980383
0.990697801113
0.378778398037
0.377336323261
0.39434838295
0.395748883486
0.399828910828
0.396690577269
0.376659661531
0.994023740292
0.390259772539
0.386353462934
0.990948975086
0.378158390522
0.397786080837
0.40060672164
0.378584772348
0.389207243919
0.994023740292
0.379467576742
0.400444149971
0.397545844316
0.379181683064
0.376510083675
0.381214022636
0.994023740292
0.994023740292
0.378562420607
0.378579050303
0.408900946379
0.390760749578
0.38950163126
0.994156956673
0.377925932407
0.994353890419
0.994598329067
0.994317531586
0.392595469952
0.400063097477
0.376595377922
0.378052741289
0.994600594044
0.381871789694
0.397260725498
0.393630564213
0.994023740292
0.382203698158
0.381499111652
0.383964240551
0.990553915501
0.395265489817
0.397626519203
0.400687724352
0.382618784904
0.397718399763
0.400867521763
0.376949101686
0.400038659573
0.380714356899
0.412296205759
0.993717372417
0.395049095154
0.387642502785
0.994023740292
0.380814790726
0.994023740292
0.398779898882
0.377099335194
0.377790242434
0.409581512213
0.384408205748
0.376806020737
0.39191994071
0.393997609615
0.994023740292
0.375878870487
0.393702149391
0.37772911787
0.376398175955
0.387426435947
0.993484139442
0.376857966185
0.382460474968
0.387778520584
0.376755952835
0.39442434907
0.40390765667
0.994023740292
0.991317152977
0.385658025742
0.9938788414
0.37706553936
0.39009898901
0.38198569417
0.403258174658
0.378383278847
0.3771456182
0.378253668547
0.402655690908
0.396017879248
0.378562420607
0.993894517422
0.397215008736
0.994023740292
0.994023740292
0.378466457129
0.376163840294
0.378179639578
0.377389699221
Accuracy: 0.657484
