
Parameters:
ALLOW_SOFT_PLACEMENT=True
BATCH_SIZE=64
CHECKPOINT_DIR=
EVAL_FILEPATH=validation.txt0
LOG_DEVICE_PLACEMENT=False
MODEL=runs/1532803315/checkpoints/model-1000
VOCAB_FILEPATH=runs/1532803315/checkpoints/vocab

Loading testing/labelled data from validation.txt0
46

Evaluating...

runs/1532803315/checkpoints/model-1000
[[array([30,  3, 23, 21, 18,  4, 28, 18, 27, 30,  3,  7,  4,  9, 31])
  array([2, 0, 0, 0, 0, 0, 0, 0, 0, 0, 0, 0, 0, 0, 0]) 0]
 [array([24, 18,  8, 17,  3,  4, 24, 18, 27, 30, 23,  8,  7,  4, 26])
  array([2, 0, 0, 0, 0, 0, 0, 0, 0, 0, 0, 0, 0, 0, 0]) 1]
 [array([18, 15,  2,  4, 19, 20,  8,  8,  3, 21,  4, 32, 11, 12,  4])
  array([ 1, 18, 16, 30,  4, 36, 21, 18,  8, 30, 16,  5, 15, 22,  4]) 0]
 ..., 
 [array([ 1,  3, 15, 15, 18,  4, 19, 21,  3,  2,  4, 26, 25, 10, 11])
  array([2, 0, 0, 0, 0, 0, 0, 0, 0, 0, 0, 0, 0, 0, 0]) 0]
 [array([2, 0, 0, 0, 0, 0, 0, 0, 0, 0, 0, 0, 0, 0, 0])
  array([28, 18, 21, 21, 23,  7,  5,  8,  4, 21,  3,  2,  8,  5,  6]) 1]
 [array([27, 18, 24,  3,  4, 15,  5, 22, 22,  7,  4, 25, 37, 11, 12])
  array([2, 0, 0, 0, 0, 0, 0, 0, 0, 0, 0, 0, 0, 0, 0]) 1]]
(1089, 3)
[ 0.46485856  0.46482292  0.9950648   0.46783644  0.99615484  0.99224907
  0.47412306  0.46824092  0.99554396  0.465397    0.51085007  0.51104003
  0.99680114  0.51439399  0.51416498  0.46085411  0.4667958   0.46727347
  0.5156042   0.52332163  0.99554396  0.46600345  0.47260225  0.51210988
  0.46779081  0.51945978  0.46434861  0.46658885  0.99631786  0.51003689
  0.99647069  0.99554396  0.99647588  0.99554396  0.99700147  0.50825769
  0.99549478  0.51143211  0.51625353  0.51132435  0.51668477  0.51831931
  0.46295646  0.51522493  0.46883661  0.46272615  0.46089175  0.46639147
  0.99556559  0.4649103   0.99554396  0.99554396  0.99554396  0.46939695
  0.46592718  0.46858597  0.46949431  0.99680489  0.99589515  0.46707729
  0.46476647  0.99554396  0.46421903  0.52050775  0.50882548  0.52067083
  0.99554396  0.51684624  0.99554396  0.51762545  0.99554396  0.99219662
  0.9957456   0.51219755  0.51030368  0.46551198  0.50844425  0.99554396
  0.46335283  0.99651158  0.51061511  0.51331961  0.99554396  0.51261282
  0.4649483   0.51074815  0.99609613  0.99479598  0.99554396  0.46630815
  0.99662882  0.46204334  0.99599719  0.5221163   0.51311618  0.46238694
  0.50991392  0.51335174  0.99554396  0.5125562   0.99547321  0.99406171
  0.46538264  0.47052822  0.51317358  0.51073122  0.4652493   0.99554396
  0.99554396  0.46724597  0.51307875  0.99562734  0.51605982  0.51590884
  0.51084715  0.99554396  0.9968574   0.51399148  0.51734459  0.46538937
  0.99554396  0.50848061  0.46604645  0.99625242  0.46565375  0.46378812
  0.51680642  0.46866384]
DEV acc 0.6875
[ 0.5139879   0.46258545  0.99556106  0.46496704  0.51199776  0.99553788
  0.46461892  0.46889892  0.52237207  0.99491805  0.50888079  0.46347189
  0.4710553   0.52051747  0.50729406  0.99531281  0.99436247  0.51264411
  0.99554396  0.51542121  0.99554396  0.99554396  0.51120156  0.99544454
  0.99402976  0.51302195  0.99621195  0.46428066  0.50776207  0.46711293
  0.99626923  0.51928067  0.99554396  0.51069909  0.51088756  0.4651216
  0.99554396  0.99663395  0.99454111  0.45649779  0.50888723  0.46489924
  0.51213402  0.51224893  0.51513898  0.46973518  0.46191385  0.5119915
  0.51345479  0.4635042   0.51312613  0.46157247  0.47023648  0.50919884
  0.45766848  0.99588436  0.50828415  0.46296415  0.99612921  0.47109348
  0.46451306  0.99554396  0.46383059  0.51373345  0.51476914  0.46977666
  0.51097357  0.46847337  0.4619858   0.99554396  0.99698102  0.46097434
  0.99554396  0.51042825  0.51311773  0.5087347   0.99554396  0.99554396
  0.46435025  0.99554396  0.51989836  0.46531895  0.47048482  0.99554396
  0.99613315  0.51316512  0.46807984  0.52040511  0.46700063  0.99547976
  0.46516621  0.51531065  0.5162406   0.46039459  0.4643912   0.52113283
  0.99554396  0.46855628  0.99584132  0.99503314  0.99696636  0.99528229
  0.47008488  0.99554396  0.99554396  0.51124763  0.9950223   0.51175714
  0.47341537  0.46489832  0.51446229  0.50960147  0.99554396  0.47090197
  0.51365143  0.51218563  0.51284772  0.46529675  0.46924931  0.99508345
  0.45926592  0.46943483  0.51817936  0.46827078  0.46550658  0.99554396
  0.51282048  0.51279688]
DEV acc 0.6796875
[ 0.4712894   0.51461148  0.46372196  0.99554396  0.46622062  0.99554396
  0.52200866  0.99623424  0.51311439  0.45717385  0.46798989  0.51640725
  0.51389748  0.99554396  0.99181867  0.99554396  0.99640864  0.47578475
  0.99702895  0.47008714  0.51108754  0.9957841   0.51057541  0.46409604
  0.46634603  0.51130748  0.99680144  0.50983268  0.50911349  0.51149762
  0.46396527  0.51002055  0.46664008  0.50951189  0.46757361  0.99611253
  0.99553788  0.99554396  0.99554396  0.46578494  0.46584719  0.99554396
  0.99251848  0.46390721  0.46453381  0.99661762  0.47109348  0.99640077
  0.47195786  0.46644598  0.46916088  0.99554396  0.99554396  0.51621324
  0.51246929  0.46585265  0.99554396  0.51880437  0.51848114  0.99554396
  0.4673627   0.514898    0.99554396  0.47074604  0.46586999  0.99554396
  0.4658303   0.99554396  0.51201713  0.99554396  0.46460453  0.51441115
  0.4651714   0.99554396  0.99618959  0.5148797   0.51379567  0.99554396
  0.99593824  0.46815091  0.46709752  0.50828415  0.52251965  0.51335424
  0.46347979  0.51902956  0.99635667  0.4630399   0.51136029  0.99554396
  0.99631554  0.5188539   0.46514615  0.46819773  0.99635315  0.45951203
  0.51005358  0.52087843  0.99554396  0.50788641  0.51377827  0.99616712
  0.99309468  0.99353641  0.99553788  0.46122372  0.51374978  0.51503289
  0.46233341  0.46976793  0.99554396  0.99554396  0.46176955  0.99554396
  0.46992406  0.99554396  0.51733029  0.51262248  0.51883894  0.99266565
  0.46348754  0.50773889  0.51419312  0.51154965  0.99554396  0.99554396
  0.510584    0.99641371]
DEV acc 0.6796875
[ 0.99554396  0.51865542  0.46629453  0.46924812  0.46819302  0.46367946
  0.51922864  0.46171966  0.47453958  0.45995539  0.99554396  0.47016534
  0.50987321  0.99554396  0.51191938  0.99683261  0.46222275  0.99554396
  0.99554396  0.51276898  0.46715137  0.51030368  0.51105869  0.46689719
  0.99658179  0.46528882  0.47079563  0.46854904  0.46409482  0.46415854
  0.46648067  0.99554396  0.50983971  0.99554396  0.51391655  0.51653147
  0.99697119  0.51301515  0.99631178  0.99670881  0.51233166  0.46408537
  0.99545479  0.52138919  0.51429772  0.4708645   0.51279038  0.4637222
  0.99554396  0.46440846  0.99450189  0.99614483  0.99554396  0.46598864
  0.99563074  0.5119397   0.46401602  0.46235508  0.46697032  0.46083912
  0.51362437  0.52205896  0.46755594  0.46148634  0.46473724  0.45984399
  0.99556559  0.99554396  0.9968403   0.5166887   0.46613479  0.51183474
  0.46215889  0.5148592   0.5139578   0.99554396  0.46971336  0.46694937
  0.99512517  0.46314844  0.46915871  0.4641726   0.99521703  0.99554396
  0.52002364  0.51217282  0.99551392  0.51310837  0.99227321  0.47242349
  0.99577743  0.46788052  0.99671561  0.99554396  0.46668509  0.52139074
  0.46994364  0.51280063  0.99627227  0.51290059  0.51323855  0.4695209
  0.51129532  0.46866384  0.46460453  0.99323028  0.47242281  0.47076377
  0.50676161  0.4620156   0.51086593  0.4605034   0.51186651  0.52234435
  0.46766466  0.99553788  0.46608377  0.51329654  0.46670493  0.46626642
  0.99554396  0.46864417  0.99554396  0.99554396  0.46821827  0.52124625
  0.51166111  0.99667728]
DEV acc 0.6796875
[ 0.51292193  0.99554396  0.5092721   0.51248318  0.99636054  0.509157
  0.4724488   0.99695069  0.46807414  0.46549961  0.51729119  0.52012908
  0.51570177  0.51288974  0.99554396  0.4613975   0.99295908  0.51906615
  0.99554396  0.99554396  0.52206713  0.99572825  0.47020152  0.47066826
  0.51241356  0.99636877  0.46928784  0.51622337  0.99638408  0.51535606
  0.47007111  0.51160067  0.99554396  0.46273479  0.99554396  0.51064163
  0.46566117  0.46710333  0.46915317  0.46234629  0.99554396  0.51726401
  0.99309027  0.51444644  0.51186651  0.99554396  0.46587965  0.99554396
  0.46491441  0.46249285  0.51504236  0.51423478  0.99554396  0.46475238
  0.9907679   0.51438874  0.99554396  0.46429977  0.99554396  0.45926544
  0.51378518  0.46783644  0.99571764  0.51670361  0.50964224  0.52537537
  0.46489349  0.5118975   0.46467748  0.46166137  0.51294506  0.99565226
  0.9951961   0.46615034  0.99572676  0.52003509  0.99553788  0.99554396
  0.99554396  0.45849606  0.99616194  0.99600381  0.46084374  0.46263954
  0.99554396  0.99554396  0.4694922   0.99554396  0.99554396  0.51609945
  0.99554396  0.52204752  0.5200094   0.46605092  0.51316482  0.99601388
  0.46457866  0.51151687  0.46557111  0.99691612  0.99592787  0.46798339
  0.99554396  0.51777351  0.46363106  0.99686408  0.99627     0.46596557
  0.51207602  0.46453598  0.46623203  0.99554396  0.99614048  0.99601996
  0.51499897  0.99554396  0.99583679  0.5122745   0.51791131  0.4708809
  0.5133813   0.99554396  0.99678975  0.51136488  0.99554396  0.46601403
  0.99664366  0.51272714]
DEV acc 0.7421875
[ 0.46970925  0.99618965  0.99686778  0.46852848  0.46573675  0.99554396
  0.51917875  0.46483985  0.51690537  0.51378518  0.46475902  0.99554396
  0.46582112  0.51113355  0.99554396  0.99502033  0.51000762  0.99626863
  0.51024288  0.99554396  0.9966442   0.4603478   0.99634498  0.5145002
  0.99635124  0.46128806  0.99336582  0.99554396  0.99558675  0.46487257
  0.99554396  0.99655819  0.46910807  0.47234133  0.4660646   0.5155291
  0.99554396  0.99554396  0.99554396  0.51293641  0.99554396  0.5192892
  0.51467896  0.47101435  0.51637572  0.99554396  0.51433718  0.99553788
  0.4632315   0.51184398  0.99426895  0.99554396  0.99681336  0.99621087
  0.99467582  0.51254451  0.51456636  0.51229256  0.4627181   0.46722931
  0.51104003  0.52138168  0.99436069  0.51091045  0.46578273  0.46856853
  0.50373989  0.4567349   0.99697709  0.9964292   0.52028513  0.4623273
  0.99554396  0.51453769  0.51323694  0.99554396  0.4695932   0.52139157
  0.99554396  0.51591051  0.99554396  0.52020782  0.46493438  0.46656117
  0.52436066  0.46309644  0.5195809   0.46453181  0.51429868  0.99554396
  0.52052945  0.99500346  0.46474364  0.99554396  0.47199678  0.99554396
  0.51339668  0.46254     0.51303059  0.4567093   0.51338136  0.46627116
  0.50670379  0.46605399  0.51285779  0.51421589  0.51853162  0.99554396
  0.99749887  0.46401602  0.99420875  0.47043425  0.51151627  0.4691759
  0.51012933  0.99576706  0.46044225  0.51810169  0.99082887  0.99586546
  0.46875766  0.99554396  0.47017524  0.99624103  0.99554396  0.51278794
  0.99672616  0.99632847]
DEV acc 0.71875
[ 0.46386001  0.4693965   0.99096334  0.46034923  0.99554396  0.51777762
  0.47276348  0.46816534  0.99598849  0.51676458  0.5099414   0.46674198
  0.51243681  0.51412904  0.99556559  0.99554396  0.52035451  0.4708645
  0.46206427  0.46418244  0.99554396  0.46195665  0.46118042  0.51388383
  0.50696379  0.46795547  0.99166405  0.99554396  0.5132187   0.99554396
  0.51542652  0.51832336  0.99521875  0.46392149  0.52219802  0.99554396
  0.46215895  0.51982892  0.99554396  0.46547309  0.51148903  0.46783984
  0.99587029  0.51567829  0.99325591  0.99554396  0.99583632  0.99554396
  0.46064043  0.99554396  0.51107466  0.46747631  0.46834734  0.51372939
  0.52089339  0.51059496  0.99595493  0.51474196  0.51410055  0.46718147
  0.46435165  0.51246679  0.5163312   0.4679251   0.46478617  0.52134591
  0.99672568  0.51314896  0.4580107   0.99554396  0.99666917  0.46255985
  0.51370186  0.51441115  0.46375719  0.47145751  0.99635375  0.4655526
  0.99554396  0.50852537  0.50963384  0.46875423  0.5121401   0.99563289
  0.50978291  0.99554396  0.51141644  0.99554396  0.46525112  0.51315051
  0.47003618  0.99654377  0.46720165  0.51437312  0.99590641  0.46262544
  0.46826044  0.46520787  0.50795168  0.99554396  0.51217687  0.51060456
  0.99259567  0.99651176  0.5117383   0.99553788  0.5114162   0.51997072
  0.46905166  0.46618029  0.51375389  0.50909495  0.99554396  0.51179844
  0.46271938  0.46768489  0.47245711  0.99646878  0.46247381  0.46258205
  0.9921096   0.46166199  0.45830485  0.52013719  0.99429578  0.51477057
  0.50800461  0.46511713]
DEV acc 0.6640625
[ 0.99554396  0.5080362   0.51461786  0.46506196  0.51041275  0.99535215
  0.46485606  0.51390678  0.99553788  0.50824147  0.99496037  0.5164004
  0.99554396  0.46511543  0.5107798   0.99554396  0.51407903  0.4701691
  0.5113914   0.99554396  0.4654485   0.46128944  0.99543655  0.51149321
  0.47204992  0.46304917  0.46631488  0.99554396  0.4626765   0.4710817
  0.99622267  0.5157553   0.45879656  0.5130254   0.46943483  0.46331117
  0.99554396  0.51164424  0.51510876  0.46019584  0.46658307  0.50608289
  0.46878925  0.99554396  0.99554396  0.99554396  0.46943751  0.46767229
  0.99553788  0.46924344  0.5150035   0.99612659  0.99240309  0.51335901
  0.5151515   0.99554396  0.99554396  0.50850642  0.46665531  0.51432103
  0.46750593  0.46337473  0.99571866  0.996602    0.46913022  0.99606532
  0.99641007  0.46366587  0.4677614   0.99317014  0.51133925  0.99700177
  0.47258052  0.99281758  0.99622995  0.51410055  0.46034715  0.46772608
  0.5130772   0.99541557  0.46735504  0.51129335  0.46464276  0.4654718
  0.46339041  0.9951328   0.46979031  0.46271101  0.99554396  0.46299332
  0.99554396  0.46330562  0.50977689  0.52105659  0.47011274  0.52080762
  0.99609035  0.51065409  0.46715772  0.46854299  0.99554396  0.46746841
  0.46578908  0.51468217  0.50437284  0.99554396  0.99554396  0.99648398
  0.46747714  0.50967586  0.99659312  0.99554396  0.99554396  0.46458912
  0.46878925  0.99554396  0.994946    0.46925423  0.46681848  0.52322996
  0.99634993  0.51091528  0.46724886  0.46472508  0.46767622  0.51323605
  0.46364304  0.99619156]
DEV acc 0.796875
[ 0.99554396  0.99554396  0.99554396  0.46301511  0.4697589   0.99674302
  0.99615407  0.46501496  0.99554396  0.51410365  0.51581573  0.51189333
  0.51578826  0.47039714  0.99570394  0.50916797  0.51340503  0.50857109
  0.51125532  0.99568611  0.99600339  0.46685806  0.51810062  0.46566677
  0.51879668  0.46489242  0.99348444  0.51316452  0.99554396  0.51164567
  0.99605018  0.99641597  0.51524413  0.46623072  0.51354551  0.46721828
  0.99554396  0.51456094  0.51860267  0.46272188  0.46197408  0.51395202
  0.46362954  0.99627292  0.51142567  0.50760907  0.51624805  0.51335174
  0.46546564  0.47401369  0.99684185  0.46964025  0.51212358  0.46956548
  0.51288849  0.46966711  0.46590418  0.99554396  0.99554396  0.99554396
  0.47148085  0.99621922  0.45674056  0.52052009  0.45998919]
DEV acc 0.723076939583
0.464858561754
0.464822918177
0.995064795017
0.46783643961
0.996154844761
0.992249071598
0.474123060703
0.468240916729
0.995543956757
0.465397000313
0.510850071907
0.51104003191
0.996801137924
0.514393985271
0.514164984226
0.460854113102
0.466795802116
0.46727347374
0.515604197979
0.523321628571
0.995543956757
0.466003447771
0.472602248192
0.512109875679
0.467790812254
0.519459784031
0.464348614216
0.46658885479
0.996317863464
0.510036885738
0.996470689774
0.995543956757
0.996475875378
0.995543956757
0.997001469135
0.508257687092
0.995494782925
0.511432111263
0.516253530979
0.511324346066
0.516684770584
0.518319308758
0.46295645833
0.515224933624
0.468836605549
0.462726145983
0.460891753435
0.466391474009
0.995565593243
0.464910298586
0.995543956757
0.995543956757
0.995543956757
0.469396948814
0.465927183628
0.468585968018
0.469494313002
0.996804893017
0.995895147324
0.467077285051
0.464766472578
0.995543956757
0.464219033718
0.520507752895
0.508825480938
0.520670831203
0.995543956757
0.516846239567
0.995543956757
0.517625451088
0.995543956757
0.992196619511
0.99574559927
0.512197554111
0.510303676128
0.465511977673
0.50844424963
0.995543956757
0.463352829218
0.99651157856
0.510615110397
0.513319611549
0.995543956757
0.512612819672
0.464948296547
0.510748147964
0.996096134186
0.994795978069
0.995543956757
0.466308146715
0.996628820896
0.462043344975
0.995997190475
0.522116303444
0.513116180897
0.462386935949
0.509913921356
0.513351738453
0.995543956757
0.512556195259
0.995473206043
0.99406170845
0.465382635593
0.47052821517
0.51317358017
0.510731220245
0.465249300003
0.995543956757
0.995543956757
0.467245966196
0.51307874918
0.995627343655
0.516059815884
0.515908837318
0.510847151279
0.995543956757
0.996857404709
0.513991475105
0.517344594002
0.465389370918
0.995543956757
0.508480608463
0.466046452522
0.996252417564
0.46565374732
0.463788121939
0.516806423664
0.468663841486
0.513987898827
0.462585449219
0.99556106329
0.464967042208
0.511997759342
0.995537877083
0.46461892128
0.468898922205
0.522372066975
0.994918048382
0.508880794048
0.463471889496
0.471055299044
0.520517468452
0.5072940588
0.995312809944
0.994362473488
0.51264411211
0.995543956757
0.51542121172
0.995543956757
0.995543956757
0.511201560497
0.995444536209
0.994029760361
0.513021945953
0.996211946011
0.464280664921
0.507762074471
0.467112928629
0.996269226074
0.519280672073
0.995543956757
0.510699093342
0.510887563229
0.465121597052
0.995543956757
0.996633946896
0.994541108608
0.456497788429
0.50888723135
0.464899241924
0.51213401556
0.512248933315
0.515138983727
0.469735175371
0.461913853884
0.511991500854
0.513454794884
0.463504195213
0.513126134872
0.461572468281
0.470236480236
0.509198844433
0.457668483257
0.995884358883
0.508284151554
0.462964147329
0.996129214764
0.471093475819
0.464513063431
0.995543956757
0.463830590248
0.513733446598
0.514769136906
0.469776660204
0.510973572731
0.468473374844
0.46198579669
0.995543956757
0.996981024742
0.46097433567
0.995543956757
0.510428249836
0.513117730618
0.508734703064
0.995543956757
0.995543956757
0.464350253344
0.995543956757
0.519898355007
0.46531894803
0.470484822989
0.995543956757
0.99613314867
0.51316511631
0.468079835176
0.520405113697
0.467000633478
0.995479762554
0.465166211128
0.515310645103
0.516240596771
0.460394591093
0.464391201735
0.521132826805
0.995543956757
0.468556284904
0.995841324329
0.995033144951
0.996966362
0.995282292366
0.470084875822
0.995543956757
0.995543956757
0.511247634888
0.995022296906
0.511757135391
0.473415374756
0.464898318052
0.514462292194
0.509601473808
0.995543956757
0.470901966095
0.513651430607
0.512185633183
0.512847721577
0.4652967453
0.469249308109
0.995083451271
0.45926591754
0.469434827566
0.518179357052
0.468270778656
0.465506583452
0.995543956757
0.512820482254
0.512796878815
0.471289396286
0.51461148262
0.463721960783
0.995543956757
0.466220617294
0.995543956757
0.522008657455
0.996234238148
0.513114392757
0.457173854113
0.467989891768
0.516407251358
0.51389747858
0.995543956757
0.991818666458
0.995543956757
0.996408641338
0.475784748793
0.997028946877
0.470087140799
0.511087536812
0.99578410387
0.510575413704
0.464096039534
0.466346025467
0.511307477951
0.996801435947
0.509832680225
0.509113490582
0.511497616768
0.463965266943
0.510020554066
0.466640084982
0.509511888027
0.467573612928
0.996112525463
0.995537877083
0.995543956757
0.995543956757
0.465784937143
0.465847194195
0.995543956757
0.992518484592
0.463907212019
0.464533805847
0.996617615223
0.471093475819
0.996400773525
0.471957862377
0.466445982456
0.469160884619
0.995543956757
0.995543956757
0.516213238239
0.512469291687
0.46585264802
0.995543956757
0.518804371357
0.518481135368
0.995543956757
0.467362701893
0.514898002148
0.995543956757
0.470746040344
0.465869992971
0.995543956757
0.465830296278
0.995543956757
0.512017130852
0.995543956757
0.464604526758
0.514411151409
0.465171396732
0.995543956757
0.996189594269
0.514879703522
0.513795673847
0.995543956757
0.995938241482
0.468150913715
0.467097520828
0.508284151554
0.522519648075
0.513354241848
0.463479787111
0.519029557705
0.996356666088
0.463039904833
0.511360287666
0.995543956757
0.996315538883
0.518853902817
0.465146154165
0.468197733164
0.996353149414
0.459512025118
0.510053575039
0.520878434181
0.995543956757
0.50788640976
0.513778269291
0.996167123318
0.993094682693
0.993536412716
0.995537877083
0.461223721504
0.513749778271
0.515032887459
0.462333410978
0.469767928123
0.995543956757
0.995543956757
0.461769551039
0.995543956757
0.46992406249
0.995543956757
0.517330288887
0.512622475624
0.518838942051
0.99266564846
0.463487535715
0.507738888264
0.514193117619
0.511549651623
0.995543956757
0.995543956757
0.510583996773
0.996413707733
0.995543956757
0.51865541935
0.466294527054
0.469248116016
0.468193024397
0.463679462671
0.519228637218
0.461719661951
0.474539577961
0.459955394268
0.995543956757
0.470165342093
0.509873211384
0.995543956757
0.511919379234
0.996832609177
0.462222754955
0.995543956757
0.995543956757
0.512768983841
0.467151373625
0.510303676128
0.511058688164
0.466897189617
0.996581792831
0.465288817883
0.470795631409
0.46854904294
0.464094817638
0.464158535004
0.466480672359
0.995543956757
0.509839713573
0.995543956757
0.513916552067
0.516531467438
0.996971189976
0.513015151024
0.996311783791
0.996708810329
0.512331664562
0.464085370302
0.995454788208
0.521389186382
0.51429772377
0.470864504576
0.512790381908
0.463722199202
0.995543956757
0.464408457279
0.994501888752
0.996144831181
0.995543956757
0.465988636017
0.995630741119
0.511939704418
0.464016020298
0.462355077267
0.466970324516
0.460839122534
0.513624370098
0.522058963776
0.467555940151
0.461486339569
0.4647372365
0.459843993187
0.995565593243
0.995543956757
0.996840298176
0.516688704491
0.466134786606
0.511834740639
0.462158888578
0.514859199524
0.513957798481
0.995543956757
0.469713360071
0.466949373484
0.995125174522
0.463148444891
0.469158709049
0.4641726017
0.99521702528
0.995543956757
0.52002364397
0.512172818184
0.995513916016
0.513108372688
0.992273211479
0.472423493862
0.99577742815
0.467880517244
0.996715605259
0.995543956757
0.466685086489
0.521390736103
0.469943642616
0.512800633907
0.996272265911
0.512900590897
0.513238549232
0.469520896673
0.511295318604
0.468663841486
0.464604526758
0.99323028326
0.472422808409
0.470763772726
0.506761610508
0.462015599012
0.510865926743
0.460503399372
0.511866509914
0.522344350815
0.467664659023
0.995537877083
0.46608376503
0.513296544552
0.466704934835
0.466266423464
0.995543956757
0.468644171953
0.995543956757
0.995543956757
0.468218266964
0.521246254444
0.511661112309
0.996677279472
0.512921929359
0.995543956757
0.509272098541
0.512483179569
0.99636054039
0.509157001972
0.472448796034
0.996950685978
0.468074142933
0.465499609709
0.51729118824
0.520129084587
0.515701770782
0.512889742851
0.995543956757
0.461397498846
0.992959082127
0.519066154957
0.995543956757
0.995543956757
0.522067129612
0.995728254318
0.470201522112
0.470668256283
0.512413561344
0.996368765831
0.469287842512
0.516223371029
0.996384084225
0.515356063843
0.470071107149
0.511600673199
0.995543956757
0.462734788656
0.995543956757
0.510641634464
0.465661168098
0.467103332281
0.469153165817
0.462346285582
0.995543956757
0.517264008522
0.99309027195
0.514446437359
0.511866509914
0.995543956757
0.465879648924
0.995543956757
0.464914411306
0.462492853403
0.515042364597
0.514234781265
0.995543956757
0.46475237608
0.990767896175
0.514388740063
0.995543956757
0.464299768209
0.995543956757
0.459265440702
0.51378518343
0.46783643961
0.995717644691
0.516703605652
0.509642243385
0.525375366211
0.464893490076
0.51189750433
0.464677482843
0.461661368608
0.512945055962
0.995652258396
0.99519610405
0.466150343418
0.995726764202
0.520035088062
0.995537877083
0.995543956757
0.995543956757
0.458496063948
0.996161937714
0.996003806591
0.460843741894
0.462639540434
0.995543956757
0.995543956757
0.469492197037
0.995543956757
0.995543956757
0.516099452972
0.995543956757
0.522047519684
0.52000939846
0.466050922871
0.513164818287
0.996013879776
0.464578658342
0.511516869068
0.46557110548
0.996916115284
0.995927870274
0.467983394861
0.995543956757
0.517773509026
0.4636310637
0.996864080429
0.996270000935
0.465965569019
0.512076020241
0.464535981417
0.466232031584
0.995543956757
0.996140480042
0.99601995945
0.514998972416
0.995543956757
0.995836794376
0.512274503708
0.517911314964
0.470880895853
0.513381302357
0.995543956757
0.996789753437
0.511364877224
0.995543956757
0.466014027596
0.996643662453
0.51272714138
0.469709247351
0.996189653873
0.996867775917
0.468528479338
0.465736746788
0.995543956757
0.519178748131
0.464839845896
0.516905367374
0.51378518343
0.464759021997
0.995543956757
0.465821117163
0.511133551598
0.995543956757
0.995020329952
0.510007619858
0.996268630028
0.510242879391
0.995543956757
0.996644198895
0.460347801447
0.996344983578
0.514500200748
0.996351242065
0.461288064718
0.993365824223
0.995543956757
0.995586752892
0.464872568846
0.995543956757
0.996558189392
0.469108074903
0.472341328859
0.466064602137
0.515529096127
0.995543956757
0.995543956757
0.995543956757
0.512936413288
0.995543956757
0.519289195538
0.514678955078
0.471014350653
0.516375720501
0.995543956757
0.514337182045
0.995537877083
0.463231503963
0.511843979359
0.9942689538
0.995543956757
0.996813356876
0.996210873127
0.994675815105
0.512544512749
0.514566361904
0.512292563915
0.462718099356
0.467229306698
0.51104003191
0.521381676197
0.994360685349
0.510910451412
0.465782731771
0.468568533659
0.503739893436
0.456734895706
0.996977090836
0.996429204941
0.520285129547
0.462327301502
0.995543956757
0.51453769207
0.513236939907
0.995543956757
0.469593197107
0.521391570568
0.995543956757
0.515910506248
0.995543956757
0.520207822323
0.464934378862
0.466561168432
0.524360656738
0.463096439838
0.519580900669
0.464531809092
0.514298677444
0.995543956757
0.520529448986
0.995003461838
0.464743643999
0.995543956757
0.47199678421
0.995543956757
0.513396680355
0.462540000677
0.513030588627
0.456709295511
0.513381361961
0.466271162033
0.506703794003
0.46605399251
0.512857794762
0.514215886593
0.518531620502
0.995543956757
0.997498869896
0.464016020298
0.994208753109
0.470434248447
0.511516273022
0.469175904989
0.510129332542
0.995767056942
0.460442245007
0.5181016922
0.990828871727
0.995865464211
0.468757659197
0.995543956757
0.470175236464
0.996241033077
0.995543956757
0.512787938118
0.996726155281
0.996328473091
0.46386000514
0.46939650178
0.990963339806
0.460349231958
0.995543956757
0.517777621746
0.472763478756
0.468165338039
0.995988488197
0.516764581203
0.509941399097
0.466741979122
0.512436807156
0.514129042625
0.995565593243
0.995543956757
0.520354509354
0.470864504576
0.462064266205
0.464182436466
0.995543956757
0.461956650019
0.46118041873
0.513883829117
0.506963789463
0.467955470085
0.99166405201
0.995543956757
0.513218700886
0.995543956757
0.515426516533
0.518323361874
0.995218753815
0.463921487331
0.522198021412
0.995543956757
0.462158948183
0.519828915596
0.995543956757
0.465473085642
0.511489033699
0.467839837074
0.995870292187
0.515678286552
0.993255913258
0.995543956757
0.995836317539
0.995543956757
0.46064043045
0.995543956757
0.511074662209
0.467476308346
0.468347340822
0.513729393482
0.520893394947
0.510594964027
0.995954930782
0.514741957188
0.514100551605
0.46718147397
0.464351654053
0.512466788292
0.516331195831
0.467925101519
0.464786171913
0.52134591341
0.996725678444
0.513148963451
0.458010703325
0.995543956757
0.996669173241
0.462559849024
0.513701856136
0.514411151409
0.463757187128
0.471457511187
0.996353745461
0.465552598238
0.995543956757
0.508525371552
0.50963383913
0.46875423193
0.512140095234
0.995632886887
0.509782910347
0.995543956757
0.511416435242
0.995543956757
0.465251117945
0.513150513172
0.470036178827
0.996543765068
0.467201650143
0.514373123646
0.995906412601
0.462625443935
0.46826043725
0.465207874775
0.507951676846
0.995543956757
0.5121768713
0.510604560375
0.992595672607
0.996511757374
0.511738300323
0.995537877083
0.511416196823
0.519970715046
0.469051659107
0.466180294752
0.513753890991
0.509094953537
0.995543956757
0.51179844141
0.462719380856
0.4676848948
0.472457110882
0.996468782425
0.462473809719
0.462582051754
0.992109596729
0.461661994457
0.458304852247
0.520137190819
0.99429577589
0.514770567417
0.50800460577
0.465117126703
0.995543956757
0.508036196232
0.514617860317
0.465061962605
0.510412752628
0.99535214901
0.464856058359
0.513906776905
0.995537877083
0.508241474628
0.99496036768
0.516400396824
0.995543956757
0.465115427971
0.510779798031
0.995543956757
0.514079034328
0.470169097185
0.511391401291
0.995543956757
0.465448498726
0.461289435625
0.995436549187
0.511493206024
0.472049921751
0.463049173355
0.46631488204
0.995543956757
0.462676495314
0.471081703901
0.996222674847
0.515755295753
0.458796560764
0.513025403023
0.469434827566
0.463311165571
0.995543956757
0.511644244194
0.515108764172
0.460195839405
0.466583073139
0.506082892418
0.468789249659
0.995543956757
0.995543956757
0.995543956757
0.469437509775
0.467672288418
0.995537877083
0.469243437052
0.515003502369
0.996126592159
0.99240309
0.51335901022
0.515151500702
0.995543956757
0.995543956757
0.508506417274
0.466655313969
0.514321029186
0.467505931854
0.463374733925
0.99571865797
0.996601998806
0.469130218029
0.996065318584
0.99641007185
0.463665872812
0.467761397362
0.993170142174
0.511339247227
0.997001767159
0.472580522299
0.9928175807
0.996229946613
0.514100551605
0.460347145796
0.46772608161
0.513077199459
0.995415568352
0.467355042696
0.51129335165
0.464642763138
0.465471804142
0.463390409946
0.995132803917
0.469790309668
0.462711006403
0.995543956757
0.462993323803
0.995543956757
0.463305622339
0.509776890278
0.521056592464
0.470112740993
0.520807623863
0.996090352535
0.510654091835
0.467157721519
0.468542993069
0.995543956757
0.46746841073
0.465789079666
0.514682173729
0.504372835159
0.995543956757
0.995543956757
0.996483981609
0.467477142811
0.509675860405
0.996593117714
0.995543956757
0.995543956757
0.464589118958
0.468789249659
0.995543956757
0.99494600296
0.469254225492
0.466818481684
0.523229956627
0.996349930763
0.510915279388
0.467248857021
0.464725077152
0.467676222324
0.513236045837
0.463643044233
0.996191561222
0.995543956757
0.995543956757
0.995543956757
0.463015109301
0.46975889802
0.996743023396
0.996154069901
0.465014964342
0.995543956757
0.514103651047
0.515815734863
0.511893332005
0.515788257122
0.470397144556
0.995703935623
0.509167969227
0.513405025005
0.508571088314
0.511255323887
0.995686113834
0.996003389359
0.466858059168
0.518100619316
0.465666770935
0.518796682358
0.464892417192
0.993484437466
0.513164520264
0.995543956757
0.511645674706
0.996050179005
0.99641597271
0.51524412632
0.466230720282
0.513545513153
0.467218279839
0.995543956757
0.514560937881
0.518602669239
0.462721884251
0.461974084377
0.51395201683
0.463629543781
0.996272921562
0.511425673962
0.507609069347
0.516248047352
0.513351738453
0.465465635061
0.47401368618
0.996841847897
0.469640254974
0.512123584747
0.469565480947
0.512888491154
0.469667106867
0.465904176235
0.995543956757
0.995543956757
0.995543956757
0.471480846405
0.996219217777
0.456740558147
0.520520091057
0.459989190102
Accuracy: 0.707071
