
Parameters:
ALLOW_SOFT_PLACEMENT=True
BATCH_SIZE=64
CHECKPOINT_DIR=
EVAL_FILEPATH=validation.txt0
LOG_DEVICE_PLACEMENT=False
MODEL=runs/1532323957/checkpoints/model-1000
VOCAB_FILEPATH=runs/1532323957/checkpoints/vocab

Loading testing/labelled data from validation.txt0
46

Evaluating...

runs/1532323957/checkpoints/model-1000
[[array([ 9,  6, 11, 23, 25,  7, 14, 14,  8, 13,  6, 14, 14,  6, 24])
  array([1, 0, 0, 0, 0, 0, 0, 0, 0, 0, 0, 0, 0, 0, 0]) 0]
 [array([24,  9,  1,  8, 22, 24, 10, 15,  5,  1, 30,  7,  8, 26, 18])
  array([28,  6,  7, 10, 10, 24,  8,  3,  4,  2,  7,  3, 11, 28,  8]) 0]
 [array([10,  0,  0,  0,  0,  0,  0,  0,  0,  0,  0,  0,  0,  0,  0])
  array([ 7,  5, 13, 24,  3,  5,  8, 23,  3,  4, 23, 30,  7,  3,  8]) 0]
 ..., 
 [array([30,  7,  6,  3, 24,  8, 28, 11,  7, 22,  7, 10, 28,  8, 33])
  array([1, 0, 0, 0, 0, 0, 0, 0, 0, 0, 0, 0, 0, 0, 0]) 1]
 [array([ 2,  3,  7,  7,  8, 25, 24, 28, 28,  4, 27,  3,  4, 28,  8])
  array([10,  0,  0,  0,  0,  0,  0,  0,  0,  0,  0,  0,  0,  0,  0]) 1]
 [array([10,  0,  0,  0,  0,  0,  0,  0,  0,  0,  0,  0,  0,  0,  0])
  array([11,  1, 14,  7,  3,  8,  5,  3,  7, 13,  8, 26, 18, 20, 21]) 0]]
(2100, 3)
[ 0.52879471  0.99452394  0.49698707  0.99437481  0.49725553  0.49776188
  0.50041336  0.52772117  0.49902776  0.99413306  0.52743733  0.49970797
  0.52893847  0.49842891  0.4981111   0.99417472  0.52844071  0.49780264
  0.52823603  0.52811122  0.99439591  0.99357468  0.99437481  0.49797681
  0.52951753  0.52901906  0.99442065  0.50069088  0.9936921   0.99439591
  0.99453491  0.52824187  0.52702582  0.99442065  0.99439591  0.49848688
  0.49975231  0.52847588  0.52912331  0.49748799  0.99439591  0.52644336
  0.49963501  0.52842641  0.49844307  0.49882144  0.52757329  0.99433953
  0.99439591  0.49885365  0.5281139   0.99442065  0.99442065  0.49772906
  0.49795321  0.99414557  0.49778596  0.99439591  0.50024134  0.99439591
  0.49923834  0.49725375  0.52888232  0.49931383  0.99439985  0.52745175
  0.49815637  0.5003705   0.4986321   0.50078487  0.52828026  0.49907899
  0.49825573  0.49794957  0.49874118  0.52662504  0.99439591  0.99465668
  0.52956474  0.5294925   0.52848899  0.99437481  0.49894592  0.528023
  0.52741212  0.9936527   0.49773172  0.52900589  0.50038713  0.99381465
  0.99447131  0.52998292  0.52870417  0.52533138  0.99324989  0.99439591
  0.49766967  0.49827412  0.52887839  0.99439591  0.99413157  0.52725333
  0.49902362  0.49963051  0.50120616  0.49931288  0.49790817  0.49973246
  0.99437481  0.52732503  0.52902186  0.99353796  0.4986439   0.52573365
  0.52716094  0.99439591  0.52878612  0.52698082  0.52906024  0.99439591
  0.49899283  0.99416888  0.52828819  0.497895    0.52717793  0.49851936
  0.99411523  0.4975349 ]
DEV acc 0.6171875
[ 0.52642149  0.99368185  0.49885303  0.49703047  0.52639067  0.49881837
  0.5287419   0.49889362  0.49990073  0.52710801  0.99439591  0.52879184
  0.52748078  0.49898037  0.50055015  0.52702403  0.52650368  0.52791005
  0.52895421  0.99442065  0.9937793   0.52736926  0.99439985  0.53024012
  0.5272938   0.49842885  0.49788326  0.99408138  0.52845758  0.49878085
  0.49906215  0.99439985  0.99437481  0.52926898  0.50019109  0.99414659
  0.99442065  0.52738965  0.52782774  0.99404913  0.52712828  0.99439591
  0.5279097   0.99399734  0.4987824   0.49783573  0.52865952  0.4984425
  0.99439985  0.52928197  0.49801758  0.49789166  0.99439985  0.5276435
  0.99390686  0.99469191  0.99442065  0.49815828  0.52899027  0.99437481
  0.52951461  0.99439985  0.99423873  0.52571189  0.52822495  0.52776694
  0.52861494  0.52742714  0.52662444  0.52941346  0.49844846  0.52888656
  0.9941566   0.99418408  0.52894229  0.49889788  0.49817207  0.49896312
  0.5300405   0.99439985  0.4976593   0.49875262  0.49947822  0.52711916
  0.99439591  0.49945283  0.49629956  0.52935022  0.52672791  0.5298661
  0.52943784  0.50042713  0.99411136  0.49944472  0.5268932   0.99442065
  0.49872562  0.99442065  0.99437481  0.9943772   0.99379998  0.99439985
  0.49775851  0.99449795  0.99439591  0.99467194  0.49696827  0.52793771
  0.49838412  0.99425912  0.49993521  0.49897125  0.4992446   0.99428982
  0.49737602  0.99447405  0.49889237  0.99439591  0.99450994  0.49885836
  0.99439985  0.49854228  0.99367189  0.52824849  0.52860177  0.99457842
  0.52784544  0.5290305 ]
DEV acc 0.609375
[ 0.99439985  0.99439591  0.52722883  0.49914324  0.52743775  0.49710411
  0.52717012  0.49807435  0.99439591  0.52713537  0.49775919  0.49916291
  0.50022674  0.49899438  0.99439591  0.49799597  0.9939087   0.49915785
  0.99432009  0.52723652  0.99439591  0.4998771   0.9943887   0.52792782
  0.99439985  0.52702206  0.99418956  0.99437481  0.99475181  0.49879581
  0.49808705  0.4986504   0.52726811  0.52594173  0.49939114  0.52895713
  0.49943757  0.49747568  0.993882    0.49873555  0.4985497   0.49839479
  0.52694768  0.52812624  0.49761659  0.52938479  0.49790838  0.52729529
  0.52650142  0.99442065  0.99437481  0.52592415  0.50084633  0.52599818
  0.49738866  0.49832988  0.49774712  0.52940494  0.4983758   0.49875635
  0.99453944  0.53013921  0.49889427  0.52505237  0.52731603  0.99433213
  0.49783403  0.99439985  0.49978086  0.99437481  0.49858695  0.52646595
  0.99429274  0.52682257  0.99442065  0.49869362  0.99437481  0.49813005
  0.52835661  0.498676    0.49824557  0.49728337  0.99439591  0.52778548
  0.52774394  0.49713781  0.52720594  0.49881512  0.5243451   0.99419606
  0.4971633   0.99437326  0.49976322  0.49857372  0.49881771  0.99416912
  0.99439591  0.49868658  0.49800017  0.49930295  0.9941045   0.99439985
  0.99442065  0.52806276  0.52640402  0.49912694  0.49839187  0.99486655
  0.99439985  0.99437481  0.99439591  0.99400914  0.99370712  0.4970499
  0.52908933  0.49806386  0.99439985  0.99430072  0.52950609  0.49956203
  0.99454689  0.53000319  0.5018537   0.99439985  0.52780676  0.5284614
  0.50073898  0.52769232]
DEV acc 0.5859375
[ 0.52878463  0.99406171  0.49829373  0.49909255  0.52994961  0.49819857
  0.99387604  0.99417782  0.99442065  0.49854162  0.52750742  0.99459189
  0.4985213   0.49782395  0.52770621  0.99442065  0.49815285  0.99446881
  0.99355823  0.52824008  0.50076801  0.49877113  0.99442065  0.99439985
  0.99439985  0.52827847  0.52802157  0.99439591  0.52824235  0.52835214
  0.49886012  0.52998412  0.99384075  0.5294711   0.4977344   0.49804944
  0.49754485  0.49744201  0.49857867  0.52671784  0.49789956  0.52697045
  0.99437481  0.49942571  0.52892274  0.5271402   0.49860746  0.49740002
  0.49786085  0.99469078  0.99439591  0.52848524  0.49882576  0.49893448
  0.52816486  0.52965182  0.50031853  0.52833009  0.50042117  0.52983069
  0.52747071  0.99372375  0.4983758   0.49777094  0.52827209  0.5254426
  0.52762562  0.99374568  0.49830049  0.49764064  0.52361459  0.49902818
  0.49888733  0.49792919  0.49968168  0.49853554  0.52657533  0.99442065
  0.52919418  0.49793431  0.52904516  0.99439985  0.49978277  0.99439591
  0.49841431  0.99437481  0.99398196  0.52920699  0.53083605  0.49758101
  0.52638125  0.99448955  0.52769613  0.49785092  0.52920264  0.4991872
  0.52535474  0.49646151  0.99444538  0.99439591  0.49902517  0.52719432
  0.50012344  0.99441421  0.99439836  0.99374384  0.49755967  0.99439591
  0.52951008  0.99392086  0.52902466  0.99442065  0.50110453  0.49731034
  0.99439985  0.49732083  0.52798468  0.99439591  0.99439591  0.99442065
  0.99361503  0.52772468  0.52791178  0.52917904  0.52662849  0.49758101
  0.52938545  0.49821329]
DEV acc 0.6953125
[ 0.49696434  0.4972108   0.4987914   0.52821362  0.99412817  0.50037581
  0.52789539  0.50054944  0.99439985  0.52758652  0.52640253  0.49900344
  0.99437481  0.52974451  0.52701288  0.49962011  0.52808523  0.52840567
  0.99442065  0.52701455  0.49828824  0.52843034  0.52978069  0.99426049
  0.49791449  0.99439591  0.4989247   0.49784857  0.52774209  0.99394077
  0.49996281  0.99439985  0.99398488  0.99368215  0.99439591  0.49808362
  0.52659667  0.49686256  0.50001442  0.99403989  0.49758944  0.52711916
  0.49772412  0.99442065  0.49752921  0.99423003  0.99442065  0.9940024
  0.52957195  0.53009021  0.49757159  0.52653974  0.52893168  0.99439985
  0.99395871  0.994515    0.99437481  0.99442065  0.52841598  0.49895412
  0.9940393   0.49994117  0.52852255  0.49761158  0.49969688  0.52620035
  0.49889329  0.99471217  0.49837464  0.52661622  0.52794707  0.99346995
  0.52814049  0.5289247   0.49893793  0.52964127  0.52776396  0.49829054
  0.99442065  0.49737856  0.99419338  0.99442065  0.49817115  0.49908522
  0.52860922  0.52953357  0.99466753  0.49960604  0.52925372  0.99437481
  0.49783498  0.49967477  0.49982283  0.52667576  0.52715009  0.49701104
  0.50038934  0.52841735  0.9942829   0.49778306  0.52839732  0.99439591
  0.49845082  0.99439591  0.52727878  0.4995226   0.50063103  0.99439985
  0.5287208   0.99439591  0.99437481  0.52656335  0.99400669  0.49832228
  0.52723652  0.52930909  0.49923888  0.99442065  0.52909791  0.99386925
  0.99437481  0.99439591  0.49943992  0.99442065  0.99442065  0.52725542
  0.99309307  0.5000096 ]
DEV acc 0.59375
[ 0.52677941  0.49877572  0.49895212  0.49736115  0.4997023   0.49646062
  0.49898288  0.49900806  0.99437481  0.99439591  0.49900079  0.49849114
  0.99380714  0.52653211  0.49800771  0.52770996  0.49873376  0.52671814
  0.4989056   0.49663526  0.49810404  0.99437481  0.99376953  0.49714363
  0.99439985  0.99412191  0.49880236  0.99439591  0.99437481  0.49755093
  0.52863115  0.52989918  0.99439985  0.52767426  0.52847141  0.994412
  0.99424249  0.99433005  0.99439591  0.49776998  0.49890673  0.99442065
  0.99439591  0.49890432  0.99439985  0.49804622  0.52818942  0.53021634
  0.49938264  0.49923986  0.99437481  0.49994388  0.52905983  0.52806222
  0.49813551  0.49828503  0.52988672  0.52784616  0.49813887  0.52637136
  0.50064981  0.52735436  0.99435806  0.99439591  0.99360877  0.99439985
  0.52732188  0.99442065  0.49912572  0.52817661  0.49737793  0.52891892
  0.4977544   0.99428523  0.99448407  0.99442065  0.52822149  0.99437886
  0.4975436   0.5279246   0.53025591  0.99421114  0.52986306  0.49802169
  0.99425215  0.99439985  0.99370122  0.527358    0.52700388  0.52663338
  0.5009135   0.99366766  0.99487865  0.4994652   0.49735054  0.99428123
  0.99439985  0.49954534  0.99418223  0.52876616  0.52668852  0.52799082
  0.99369019  0.99442065  0.99399954  0.52973616  0.99431735  0.52655619
  0.99437481  0.49882948  0.49873233  0.5257383   0.49794111  0.49732071
  0.49723434  0.99442065  0.52766132  0.52845705  0.52763242  0.49674308
  0.49824971  0.52609098  0.4983854   0.52547711  0.49846759  0.49854955
  0.99437481  0.49840069]
DEV acc 0.6484375
[ 0.99483991  0.52788764  0.52627432  0.49912658  0.52797675  0.99463999
  0.52845025  0.99437481  0.52799839  0.49803483  0.99442065  0.49885303
  0.49840218  0.99446785  0.99373031  0.49879229  0.4989315   0.52690136
  0.52760261  0.49598885  0.52925825  0.5274058   0.99439591  0.49779278
  0.99425799  0.99379528  0.49924436  0.49859858  0.99442065  0.99420631
  0.49684829  0.52897471  0.49918753  0.52910697  0.99439591  0.99437481
  0.52881527  0.99439985  0.52708191  0.52849108  0.49838474  0.49865824
  0.49856785  0.9943698   0.52752042  0.52824318  0.4980503   0.99442065
  0.99439985  0.49816942  0.49940467  0.99439985  0.49886379  0.99437481
  0.49764162  0.52776611  0.49803221  0.49789906  0.49826628  0.4991945
  0.49881452  0.99428511  0.99399334  0.49792936  0.52867633  0.52917069
  0.49886727  0.52803093  0.49784642  0.99442065  0.99426591  0.49752894
  0.99488866  0.99439591  0.49973586  0.4970578   0.49905056  0.49851605
  0.99429953  0.99437481  0.99421984  0.99439985  0.99439985  0.49988574
  0.49805978  0.49898407  0.99437481  0.52823031  0.99448311  0.99409413
  0.526528    0.50038856  0.99439985  0.4988445   0.49842572  0.99437481
  0.99437481  0.52774549  0.5011341   0.99442065  0.52657288  0.52748412
  0.52909136  0.52856594  0.49894699  0.52876592  0.52900326  0.99415302
  0.99375975  0.99437481  0.99439985  0.49901757  0.99442065  0.52671534
  0.49852759  0.99439985  0.49929625  0.4985297   0.49776265  0.99442065
  0.49898052  0.52837706  0.52737564  0.99326122  0.99419749  0.49884897
  0.99369252  0.99439985]
DEV acc 0.65625
[ 0.99462116  0.52808404  0.52966684  0.49803045  0.49855497  0.49940068
  0.52699769  0.99407238  0.99423873  0.52865839  0.49958906  0.49875146
  0.99436796  0.49822789  0.52885437  0.99367201  0.49777764  0.49868417
  0.52640212  0.5269202   0.49806932  0.99437481  0.99439591  0.52719498
  0.49813065  0.52849317  0.49795899  0.52923709  0.99439985  0.99380487
  0.4979991   0.49922714  0.99478978  0.99439591  0.52694458  0.99442065
  0.52689153  0.49852189  0.52775693  0.99442065  0.99409479  0.99462992
  0.4978801   0.5282703   0.99388123  0.52760559  0.99439985  0.49749395
  0.53061599  0.49841121  0.52906591  0.99458581  0.49933651  0.99411523
  0.49924979  0.99365509  0.99387729  0.99426097  0.99439985  0.52621561
  0.5266223   0.99434662  0.52756375  0.99444318  0.49868748  0.99430317
  0.99476641  0.99439591  0.49703321  0.52825898  0.49766383  0.49524471
  0.49642816  0.49759597  0.52892298  0.52754152  0.99437481  0.99442065
  0.49985054  0.4987759   0.49926901  0.49834707  0.52836621  0.99439985
  0.52726883  0.49834579  0.49850139  0.50032961  0.99442065  0.49862066
  0.99437481  0.49838087  0.52824008  0.99428248  0.49865291  0.50061756
  0.49877688  0.4988234   0.52980065  0.52832222  0.49847791  0.52685219
  0.50196099  0.49866191  0.99439985  0.52757537  0.99433815  0.49729314
  0.49844167  0.52811056  0.52788359  0.99437481  0.52937615  0.49905792
  0.99439591  0.99453616  0.52648288  0.52699691  0.99439985  0.99412453
  0.99439985  0.49817607  0.49734139  0.99437803  0.49809426  0.49872893
  0.52820963  0.52811533]
DEV acc 0.6171875
[ 0.49898764  0.52719051  0.99439985  0.49925539  0.52829403  0.52948493
  0.4997752   0.52660382  0.52792102  0.49877357  0.52798069  0.49735817
  0.99437481  0.5288651   0.9943741   0.50040609  0.99435157  0.99365532
  0.52743828  0.99440503  0.99351025  0.52768093  0.49870858  0.99439591
  0.49841112  0.99399161  0.5272857   0.52828318  0.99437481  0.99439591
  0.49946955  0.49765819  0.49887711  0.52640402  0.52833629  0.52946019
  0.5278095   0.49859789  0.5268237   0.52858752  0.52747285  0.49901262
  0.99408084  0.52865559  0.99442065  0.52779388  0.99410093  0.52822238
  0.52859271  0.99374205  0.52976239  0.99434847  0.52760571  0.99417222
  0.49854508  0.49765643  0.49747154  0.52874976  0.49757129  0.50049484
  0.49727249  0.49928835  0.49774829  0.99439985  0.49770135  0.52878308
  0.52904493  0.49970269  0.99449068  0.99442065  0.49844024  0.49792024
  0.99439985  0.52754003  0.52796197  0.99369586  0.99371731  0.52712309
  0.49879229  0.49905089  0.49763906  0.99442065  0.49922678  0.99470901
  0.49755093  0.4978328   0.52735811  0.99442065  0.52930915  0.99442065
  0.49889088  0.99439591  0.49946082  0.52711785  0.9943608   0.49945146
  0.99434817  0.52930993  0.49932557  0.5288533   0.49852976  0.99439591
  0.99428207  0.50017947  0.99348241  0.49746996  0.99432147  0.49843749
  0.5282017   0.53005981  0.49768561  0.99437481  0.49837378  0.99439591
  0.52738792  0.52724749  0.49873441  0.52597857  0.99437481  0.9947331
  0.49713916  0.99390227  0.5264734   0.52843034  0.49882209  0.5271076
  0.49883321  0.99404669]
DEV acc 0.65625
[ 0.49823472  0.99439985  0.9941709   0.52732295  0.99439591  0.99369228
  0.49811882  0.49773249  0.99437481  0.99429619  0.49901986  0.49686515
  0.52782595  0.49850357  0.49858356  0.99437481  0.99350512  0.99439985
  0.99442065  0.52701902  0.49866959  0.52901071  0.49830639  0.52659398
  0.49940637  0.99404484  0.52859586  0.99437481  0.49822628  0.49827704
  0.99437481  0.49795195  0.50088882  0.99437481  0.99439985  0.49931791
  0.99390984  0.49824852  0.99375463  0.52781773  0.99426645  0.52941364
  0.52808404  0.99433345  0.52806598  0.49856785  0.52779579  0.99399698
  0.49826029  0.52705312  0.52782995  0.49775383  0.99439985  0.49859685
  0.52678424  0.52688897  0.52556229  0.99450147  0.52757066  0.52624983
  0.52909231  0.99451399  0.99405533  0.49742508  0.52817494  0.99442065
  0.49864912  0.49791059  0.99426425  0.49654961  0.52816802  0.9939056
  0.99406826  0.49870637  0.99448818  0.52890003  0.52777964  0.99394673
  0.52622366  0.52804047  0.49756902  0.49810916  0.99388736  0.99437481
  0.52806604  0.49950823  0.52802896  0.99349475  0.99442065  0.52876192
  0.53062683  0.52900809  0.52745903  0.49833903  0.99423414  0.99322605
  0.99442065  0.49912015  0.52807462  0.99436498  0.52857298  0.52748048
  0.99442065  0.993958    0.52811551  0.99439591  0.49783853  0.52762264
  0.49747914  0.52818942  0.99442065  0.49780592  0.99454755  0.49803066
  0.52964902  0.99418056  0.99437481  0.99439591  0.49744871  0.52806675
  0.49898261  0.99392611  0.49814057  0.52654064  0.99382234  0.49972957
  0.49870506  0.99379462]
DEV acc 0.6796875
[ 0.99410903  0.52925372  0.99437481  0.4994978   0.52850848  0.49652177
  0.53003138  0.99439985  0.99436152  0.52861285  0.49771783  0.52907497
  0.5298208   0.49853274  0.99439985  0.5295012   0.99443769  0.52787745
  0.52737385  0.49788937  0.99439591  0.52477252  0.9944253   0.49905935
  0.52797729  0.52600223  0.99360406  0.49935994  0.99376738  0.52548945
  0.49774635  0.99405807  0.49884021  0.49924567  0.52787948  0.5258112
  0.99425924  0.49944645  0.5286631   0.99437481  0.52909297  0.994165
  0.52851325  0.49813938  0.52797824  0.52734375  0.9941377   0.99423617
  0.52696139  0.53019971  0.53073841  0.49760884  0.49773127  0.52671212
  0.99439985  0.99442065  0.52944922  0.52806789  0.52737623  0.99423409
  0.52749652  0.52799779  0.99439794  0.99439985  0.49869725  0.53025961
  0.52901757  0.49944901  0.99421108  0.52886206  0.99439591  0.99388224
  0.5283097   0.99395406  0.526362    0.99408293  0.99442065  0.49839443
  0.99352103  0.49824867  0.49816948  0.49875766  0.49806321  0.52589858
  0.52975917  0.49919415  0.99405825  0.52797735  0.49876326  0.49807554
  0.99440134  0.52708709  0.99439985  0.52983069  0.52750921  0.49852982
  0.99461716  0.49898949  0.99439591  0.49818268  0.99440432  0.49910706
  0.49782202  0.49984565  0.5288167   0.99432373  0.52800018  0.52873421
  0.99439591  0.52874696  0.99454361  0.4977912   0.49817884  0.49722418
  0.99442065  0.52858305  0.49803707  0.5279187   0.99439985  0.49840569
  0.52785021  0.99439591  0.49841312  0.49687007  0.99320644  0.99439591
  0.99439591  0.49851593]
DEV acc 0.625
[ 0.99410045  0.52551967  0.49898052  0.50004876  0.99442065  0.52890861
  0.9939025   0.49827978  0.99437481  0.49772406  0.99390197  0.52901435
  0.99442065  0.50024951  0.49771044  0.52740633  0.49895251  0.52782124
  0.52757925  0.99437481  0.52949524  0.49730188  0.99372303  0.99445713
  0.52550459  0.49885502  0.49722242  0.4977991   0.99437481  0.99442065
  0.4979955   0.99427247  0.99439985  0.52585351  0.52940446  0.99439591
  0.50085294  0.99439591  0.99439985  0.52653658  0.52777529  0.99437481
  0.4985314   0.99434185  0.99437481  0.52844244  0.49782202  0.49762481
  0.99437481  0.49818927  0.99439591  0.99369848  0.49777332  0.49939707
  0.99351001  0.52858877  0.4986991   0.49916109  0.52590841  0.52784365
  0.49781924  0.49953368  0.52843124  0.52658731  0.99442065  0.99439985
  0.99439985  0.49931622  0.49809366  0.49796072  0.99439985  0.99427271
  0.49831492  0.99437481  0.9943884   0.99452502  0.49841425  0.49730483
  0.9941498   0.99412721  0.52858645  0.52900779  0.52977604  0.99439591
  0.52801174  0.52809435  0.9944132   0.99387962  0.49653736  0.99439985
  0.99453413  0.52671844  0.99401289  0.99442065  0.9943186   0.49790764
  0.52781922  0.4993118   0.52948469  0.99439985  0.49670297  0.99422741
  0.49822071  0.99439985  0.52627295  0.49644029  0.99442065  0.49954534
  0.49889356  0.52914226  0.99406242  0.52591777  0.52605009  0.52681369
  0.49701446  0.52644259  0.49884209  0.99442065  0.99439591  0.52848905
  0.49831003  0.52810133  0.49810222  0.99397385  0.49769849  0.99437481
  0.52690321  0.99439985]
DEV acc 0.671875
[ 0.49832076  0.49658212  0.52971101  0.52659184  0.52726054  0.49794051
  0.49868715  0.49780977  0.49845204  0.99467981  0.52665448  0.49872741
  0.52797151  0.50084865  0.53066993  0.52526581  0.99439591  0.49997023
  0.52759171  0.52599484  0.52797627  0.99437481  0.99442065  0.99439985
  0.53029853  0.49913988  0.99427742  0.52808946  0.99421751  0.52833122
  0.52951419  0.99439985  0.49893492  0.52837509  0.99407315  0.49859545
  0.99395913  0.49701041  0.99442065  0.49818304  0.52913558  0.498512
  0.52879679  0.49839252  0.52773845  0.49739775  0.99414706  0.99439591
  0.52637112  0.99403352  0.52733159  0.52805519  0.99434215  0.5253219
  0.49847114  0.52513838  0.52693039  0.99437481  0.52740014  0.52799726
  0.49815685  0.50029957  0.99407899  0.49850687  0.49796236  0.52714688
  0.49977279  0.52686083  0.49871805  0.99383014  0.49796283  0.527906
  0.49948862  0.99442065  0.99318749  0.49807891  0.99439591  0.49729207
  0.99439591  0.49844691  0.49996281  0.52976644  0.99441832  0.4981325
  0.49939707  0.9942652   0.52505022  0.99417293  0.49889159  0.99442065
  0.99439591  0.49789637  0.99447602  0.49703166  0.5296008   0.52806222
  0.49825945  0.4997915   0.52899998  0.52894306  0.49781728  0.99437481
  0.99437481  0.99419248  0.49977633  0.49735546  0.99439985  0.52940851
  0.52851433  0.49971196  0.52826577  0.52803785  0.49787071  0.49773765
  0.99426967  0.52992308  0.99439985  0.52924281  0.49990496  0.49801034
  0.99405628  0.99431694  0.52569604  0.52888542  0.99442065  0.4970859
  0.49810207  0.99437481]
DEV acc 0.6171875
[ 0.99394631  0.52810895  0.99412864  0.99326593  0.49962404  0.5268665
  0.99383587  0.99384093  0.52845752  0.527906    0.9939487   0.49853817
  0.49830428  0.9945367   0.52674735  0.52789611  0.99346602  0.49834487
  0.99386728  0.52697182  0.4986532   0.49814412  0.49868056  0.49979308
  0.50035942  0.52758092  0.49660271  0.49840027  0.99418831  0.99440855
  0.5289979   0.52860814  0.99401134  0.99434358  0.99358398  0.99473786
  0.99311876  0.99416721  0.49862397  0.52958399  0.49849308  0.52745312
  0.49823865  0.52988309  0.99439591  0.49825138  0.49847937  0.99416065
  0.99439985  0.99437481  0.49885997  0.49951366  0.99445546  0.52756697
  0.49943632  0.49701941  0.99437481  0.52637523  0.52868253  0.49701166
  0.99439591  0.52907306  0.52713096  0.4970234   0.4990398   0.52943891
  0.52759653  0.49740872  0.52911305  0.4992353   0.49930295  0.99442065
  0.52980936  0.53054959  0.53027809  0.49769366  0.5005132   0.99451005
  0.528153    0.52739227  0.52779979  0.99429756  0.5291968   0.99442065
  0.99442065  0.49778244  0.99439985  0.52872372  0.99435323  0.99441928
  0.52650744  0.52620202  0.99439985  0.49939245  0.99412262  0.49941987
  0.49903804  0.49637422  0.52825159  0.49759597  0.99394566  0.99437481
  0.49759525  0.52924323  0.99439985  0.99439985  0.52848446  0.49885401
  0.49872968  0.49756727  0.52844054  0.49803317  0.49797937  0.49980044
  0.99409181  0.52847248  0.99503088  0.52736831  0.49770424  0.99440694
  0.52721393  0.52708364  0.52803481  0.52654481  0.49813828  0.52789396
  0.52802283  0.99437481]
DEV acc 0.7578125
[ 0.49792936  0.99444956  0.49945283  0.528606    0.99439591  0.49739784
  0.52756286  0.49970526  0.49784517  0.49756342  0.52895713  0.52870935
  0.52470958  0.99437481  0.49901071  0.49786204  0.99405521  0.49906266
  0.50039554  0.52800894  0.99437958  0.52694231  0.99439985  0.4976902
  0.99442065  0.52862591  0.99437481  0.99409318  0.99439985  0.52882338
  0.99347317  0.99416232  0.99452871  0.52754736  0.52849793  0.99381816
  0.49884346  0.99439591  0.99433476  0.52664435  0.99462992  0.52791607
  0.49814335  0.99439985  0.99377036  0.49823248  0.52867794  0.99443609
  0.49832025  0.99439591  0.49899572  0.52743465  0.49891287  0.49894699
  0.52995622  0.49752039  0.52908987  0.99437481  0.99424869  0.49842739
  0.99439985  0.4980858   0.99442065  0.99439591  0.52777642  0.49733737
  0.49654424  0.52769166  0.99368554  0.52624285  0.99439591  0.52870488
  0.99439591  0.49931559  0.99439985  0.52662748  0.52914226  0.52819812
  0.99439591  0.49837992  0.52815604  0.9936927   0.49843046  0.99439591
  0.49820307  0.49973765  0.49871555  0.99401814  0.52902263  0.52911901
  0.99437481  0.99439591  0.52644956  0.99439985  0.49834752  0.99439591
  0.49873766  0.99472541  0.49769992  0.52784544  0.99439985  0.52940446
  0.99406368  0.49688241  0.49923867  0.52652335  0.99416059  0.49876201
  0.52885658  0.99414021  0.99439591  0.52845788  0.5283795   0.99407291
  0.99383813  0.52715123  0.49847403  0.49793682  0.99447727  0.99470526
  0.49805617  0.99439985  0.5273962   0.9940998   0.49827769  0.52897
  0.52969992  0.52888495]
DEV acc 0.7421875
[ 0.9940781   0.49738413  0.99439985  0.52795106  0.52939433  0.49745053
  0.52719498  0.49983385  0.99453056  0.99417222  0.4976649   0.49881986
  0.49823889  0.52853888  0.49876717  0.99439985  0.49807239  0.5281226
  0.49764779  0.52875942  0.528476    0.99382871  0.49822849  0.50090736
  0.53052038  0.49771747  0.99442065  0.49664003  0.99454439  0.99410808
  0.99439985  0.99455428  0.52735204  0.49845594  0.49768725  0.52814955
  0.49790886  0.5277518   0.99377507  0.49797329  0.52885562  0.52911901
  0.99442065  0.99411577  0.52556813  0.99439591  0.99425739  0.99439591
  0.99437481  0.52786195  0.49921799  0.49847645  0.49899051  0.52721536
  0.4980748   0.49815336  0.99384743  0.52868754  0.49822038  0.99442065
  0.49635461  0.99437481  0.99395663  0.49807554  0.99465805  0.99442065
  0.52882165  0.52918464  0.99467188  0.99442065  0.99439985  0.49804449
  0.99442065  0.52769393  0.52612036  0.52665502  0.49930882  0.49769011
  0.99437481  0.49914122  0.52807617  0.49844429  0.99417728  0.99442065
  0.52744436  0.52839714  0.99439985  0.49638161  0.52638757  0.52858073
  0.52802628  0.52674919  0.99439591  0.50088048  0.52761704  0.52916402
  0.49987569  0.53026211  0.52636647  0.99416596  0.49921173  0.49821711
  0.99439985  0.49798754  0.99396014  0.49961352  0.99439985  0.99439985
  0.52999908  0.49899283  0.49765819  0.526645    0.49936405  0.99442065
  0.52845931  0.4991875   0.99439985  0.52930456  0.52671522  0.99404681
  0.52723211  0.5273369   0.49685252  0.9942587   0.99439591  0.99439985
  0.49895969  0.52760005]
DEV acc 0.6875
[ 0.50003529  0.52587098  0.49831358  0.99452287  0.4988395   0.99405438
  0.9943707   0.53066587  0.52923924  0.99439591  0.49898258  0.52804363
  0.49789497  0.99439985  0.52963072  0.49873763  0.52862322  0.99442065
  0.52655137  0.99439591  0.5287928   0.99439591  0.52544606  0.50004888
  0.99420875  0.99386793  0.49871922  0.99432468  0.5274452   0.99419618
  0.99449962  0.52789867  0.52820057  0.99439985  0.52732855  0.99439591
  0.4975251   0.99358761  0.99439591  0.49777031  0.49890918  0.52933687
  0.52925092  0.52828544  0.49994433  0.49794644  0.49978694  0.99439591
  0.99442065  0.52755606  0.52901161  0.49741933]
DEV acc 0.730769217014
0.528794705868
0.994523942471
0.496987074614
0.994374811649
0.497255533934
0.497761875391
0.500413358212
0.527721166611
0.499027758837
0.99413305521
0.527437329292
0.499707967043
0.528938472271
0.498428910971
0.498111099005
0.994174718857
0.528440713882
0.497802644968
0.528236031532
0.528111219406
0.994395911694
0.993574678898
0.994374811649
0.49797680974
0.529517531395
0.529019057751
0.994420647621
0.500690877438
0.993692100048
0.994395911694
0.994534909725
0.528241872787
0.527025818825
0.994420647621
0.994395911694
0.498486876488
0.499752312899
0.528475880623
0.529123306274
0.497487992048
0.994395911694
0.526443362236
0.499635010958
0.528426408768
0.498443067074
0.498821437359
0.527573287487
0.9943395257
0.994395911694
0.498853653669
0.528113901615
0.994420647621
0.994420647621
0.497729063034
0.497953206301
0.994145572186
0.497785955667
0.994395911694
0.500241339207
0.994395911694
0.499238342047
0.497253745794
0.528882324696
0.499313831329
0.9943998456
0.527451753616
0.498156368732
0.500370502472
0.498632103205
0.500784873962
0.528280258179
0.499078989029
0.498255729675
0.497949570417
0.498741179705
0.526625037193
0.994395911694
0.994656682014
0.529564738274
0.529492497444
0.528488993645
0.994374811649
0.498945921659
0.528023004532
0.527412116528
0.993652701378
0.497731715441
0.529005885124
0.500387132168
0.993814647198
0.994471311569
0.529982924461
0.528704166412
0.525331377983
0.993249893188
0.994395911694
0.497669667006
0.498274117708
0.528878390789
0.994395911694
0.994131565094
0.527253329754
0.499023616314
0.499630510807
0.501206159592
0.499312877655
0.497908174992
0.499732464552
0.994374811649
0.527325034142
0.529021859169
0.993537962437
0.498643904924
0.525733649731
0.527160942554
0.994395911694
0.528786122799
0.526980817318
0.52906024456
0.994395911694
0.498992830515
0.994168877602
0.528288185596
0.497895002365
0.527177929878
0.498519361019
0.994115233421
0.497534900904
0.526421487331
0.993681848049
0.498853027821
0.497030466795
0.52639067173
0.49881836772
0.528741896152
0.498893618584
0.499900728464
0.52710801363
0.994395911694
0.528791844845
0.527480781078
0.498980373144
0.500550150871
0.527024030685
0.526503682137
0.52791005373
0.528954207897
0.994420647621
0.993779301643
0.527369260788
0.9943998456
0.530240118504
0.527293801308
0.498428851366
0.49788326025
0.994081377983
0.528457581997
0.498780846596
0.499062150717
0.9943998456
0.994374811649
0.529268980026
0.500191092491
0.994146585464
0.994420647621
0.527389645576
0.527827739716
0.99404913187
0.527128279209
0.994395911694
0.527909696102
0.993997335434
0.498782396317
0.497835725546
0.528659522533
0.49844250083
0.9943998456
0.529281973839
0.498017579317
0.497891664505
0.9943998456
0.527643501759
0.993906855583
0.99469190836
0.994420647621
0.498158276081
0.528990268707
0.994374811649
0.529514610767
0.9943998456
0.994238734245
0.525711894035
0.528224945068
0.527766942978
0.528614938259
0.527427136898
0.526624441147
0.529413461685
0.498448461294
0.528886556625
0.994156599045
0.994184076786
0.528942286968
0.498897880316
0.498172074556
0.498963117599
0.530040502548
0.9943998456
0.497659295797
0.498752623796
0.49947822094
0.527119159698
0.994395911694
0.499452829361
0.496299564838
0.529350221157
0.52672791481
0.529866099358
0.529437839985
0.500427126884
0.994111359119
0.499444723129
0.52689319849
0.994420647621
0.498725622892
0.994420647621
0.994374811649
0.994377195835
0.993799984455
0.9943998456
0.497758507729
0.994497954845
0.994395911694
0.994671940804
0.496968269348
0.527937710285
0.49838411808
0.994259119034
0.499935209751
0.498971253633
0.499244600534
0.994289815426
0.497376024723
0.994474053383
0.498892366886
0.994395911694
0.994509935379
0.498858362436
0.9943998456
0.498542279005
0.993671894073
0.528248488903
0.528601765633
0.994578421116
0.527845442295
0.529030501842
0.9943998456
0.994395911694
0.527228832245
0.499143242836
0.527437746525
0.497104108334
0.52717012167
0.498074352741
0.994395911694
0.527135372162
0.497759193182
0.499162912369
0.500226736069
0.498994380236
0.994395911694
0.497995972633
0.993908703327
0.499157845974
0.994320094585
0.527236521244
0.994395911694
0.499877095222
0.994388699532
0.527927815914
0.9943998456
0.527022063732
0.994189560413
0.994374811649
0.994751811028
0.498795807362
0.498087048531
0.498650401831
0.527268111706
0.525941729546
0.499391138554
0.528957128525
0.499437570572
0.497475683689
0.993882000446
0.498735547066
0.498549699783
0.498394787312
0.526947677135
0.528126239777
0.497616589069
0.529384791851
0.497908383608
0.527295291424
0.52650141716
0.994420647621
0.994374811649
0.525924146175
0.500846326351
0.525998175144
0.497388660908
0.498329877853
0.497747123241
0.529404938221
0.498375803232
0.498756349087
0.994539439678
0.53013920784
0.498894274235
0.525052368641
0.52731603384
0.994332134724
0.497834026814
0.9943998456
0.499780863523
0.994374811649
0.498586952686
0.526465952396
0.994292736053
0.526822566986
0.994420647621
0.498693615198
0.994374811649
0.498130053282
0.528356611729
0.498676002026
0.498245567083
0.497283369303
0.994395911694
0.527785480022
0.527743935585
0.49713781476
0.527205944061
0.498815119267
0.524345099926
0.99419605732
0.497163295746
0.994373261929
0.499763220549
0.498573720455
0.498817712069
0.99416911602
0.994395911694
0.49868658185
0.498000174761
0.499302953482
0.994104504585
0.9943998456
0.994420647621
0.52806276083
0.52640402317
0.499126940966
0.498391866684
0.994866549969
0.9943998456
0.994374811649
0.994395911694
0.994009137154
0.993707120419
0.497049897909
0.529089331627
0.498063862324
0.9943998456
0.994300723076
0.529506087303
0.49956202507
0.994546890259
0.530003190041
0.501853704453
0.9943998456
0.527806758881
0.528461396694
0.500738978386
0.527692317963
0.528784632683
0.99406170845
0.498293727636
0.499092549086
0.529949605465
0.498198568821
0.993876039982
0.994177818298
0.994420647621
0.498541623354
0.527507424355
0.994591891766
0.49852129817
0.497823953629
0.527706205845
0.994420647621
0.498152852058
0.994468808174
0.993558228016
0.528240084648
0.500768005848
0.498771131039
0.994420647621
0.9943998456
0.9943998456
0.528278470039
0.52802157402
0.994395911694
0.528242349625
0.52835214138
0.498860120773
0.529984116554
0.993840754032
0.529471099377
0.49773439765
0.498049438
0.497544854879
0.497442007065
0.498578667641
0.526717841625
0.49789956212
0.52697044611
0.994374811649
0.499425709248
0.528922736645
0.527140200138
0.498607456684
0.497400015593
0.497860848904
0.994690775871
0.994395911694
0.528485238552
0.498825758696
0.498934477568
0.528164863586
0.52965182066
0.500318527222
0.528330087662
0.50042116642
0.529830694199
0.527470707893
0.993723750114
0.498375803232
0.497770935297
0.528272092342
0.52544260025
0.527625620365
0.993745684624
0.498300492764
0.497640639544
0.5236145854
0.499028176069
0.498887330294
0.497929185629
0.499681681395
0.49853554368
0.52657532692
0.994420647621
0.529194176197
0.497934311628
0.529045164585
0.9943998456
0.499782770872
0.994395911694
0.498414307833
0.994374811649
0.993981957436
0.529206991196
0.530836045742
0.497581005096
0.526381254196
0.994489550591
0.52769613266
0.49785092473
0.529202640057
0.499187201262
0.525354743004
0.496461510658
0.994445383549
0.994395911694
0.499025166035
0.527194321156
0.500123441219
0.99441421032
0.994398355484
0.99374383688
0.497559666634
0.994395911694
0.529510080814
0.993920862675
0.529024660587
0.994420647621
0.501104533672
0.497310340405
0.9943998456
0.497320830822
0.527984678745
0.994395911694
0.994395911694
0.994420647621
0.993615031242
0.527724683285
0.527911782265
0.529179036617
0.526628494263
0.497581005096
0.529385447502
0.498213291168
0.496964335442
0.497210800648
0.498791396618
0.528213620186
0.994128167629
0.500375807285
0.527895390987
0.500549435616
0.9943998456
0.527586519718
0.526402533054
0.499003440142
0.994374811649
0.529744505882
0.527012884617
0.499620109797
0.528085231781
0.528405666351
0.994420647621
0.527014553547
0.498288244009
0.528430342674
0.529780685902
0.994260489941
0.497914493084
0.994395911694
0.498924702406
0.497848570347
0.527742087841
0.993940770626
0.499962806702
0.9943998456
0.993984878063
0.993682146072
0.994395911694
0.498083621264
0.526596665382
0.496862560511
0.500014424324
0.99403989315
0.497589439154
0.527119159698
0.497724115849
0.994420647621
0.49752920866
0.994230031967
0.994420647621
0.994002401829
0.529571950436
0.530090212822
0.497571587563
0.526539742947
0.528931677341
0.9943998456
0.993958711624
0.994515001774
0.994374811649
0.994420647621
0.528415977955
0.498954117298
0.994039297104
0.499941170216
0.52852255106
0.497611582279
0.499696880579
0.526200354099
0.498893290758
0.994712173939
0.498374640942
0.526616215706
0.527947068214
0.993469953537
0.528140485287
0.528924703598
0.498937934637
0.529641270638
0.527763962746
0.498290538788
0.994420647621
0.49737855792
0.994193375111
0.994420647621
0.498171150684
0.499085217714
0.528609216213
0.529533565044
0.99466753006
0.4996060431
0.529253721237
0.994374811649
0.497834980488
0.499674767256
0.499822825193
0.526675760746
0.527150094509
0.497011035681
0.50038933754
0.528417348862
0.994282901287
0.497783064842
0.528397321701
0.994395911694
0.498450815678
0.994395911694
0.527278780937
0.499522596598
0.500631034374
0.9943998456
0.528720796108
0.994395911694
0.994374811649
0.526563346386
0.994006693363
0.498322278261
0.527236521244
0.529309093952
0.499238878489
0.994420647621
0.529097914696
0.993869245052
0.994374811649
0.994395911694
0.499439924955
0.994420647621
0.994420647621
0.527255415916
0.993093073368
0.500009596348
0.526779413223
0.498775720596
0.498952120543
0.497361153364
0.499702304602
0.496460616589
0.498982876539
0.499008059502
0.994374811649
0.994395911694
0.499000787735
0.49849113822
0.993807137012
0.526532113552
0.498007714748
0.527709960938
0.498733758926
0.526718139648
0.498905599117
0.496635258198
0.498104035854
0.994374811649
0.993769526482
0.497143626213
0.9943998456
0.994121909142
0.498802363873
0.994395911694
0.994374811649
0.497550934553
0.528631150723
0.529899179935
0.9943998456
0.527674257755
0.528471410275
0.994412004948
0.994242489338
0.994330048561
0.994395911694
0.497769981623
0.498906731606
0.994420647621
0.994395911694
0.498904317617
0.9943998456
0.498046219349
0.5281894207
0.53021633625
0.499382644892
0.499239861965
0.994374811649
0.499943882227
0.529059827328
0.528062224388
0.498135507107
0.498285025358
0.529886722565
0.527846157551
0.498138874769
0.526371359825
0.500649809837
0.527354359627
0.994358062744
0.994395911694
0.993608772755
0.9943998456
0.527321875095
0.994420647621
0.49912571907
0.528176605701
0.497377932072
0.528918921947
0.497754395008
0.994285225868
0.994484066963
0.994420647621
0.528221487999
0.994378864765
0.497543603182
0.527924597263
0.530255913734
0.994211137295
0.529863059521
0.498021692038
0.99425214529
0.9943998456
0.993701219559
0.52735799551
0.527003884315
0.526633381844
0.500913500786
0.993667662144
0.994878649712
0.499465197325
0.497350543737
0.994281232357
0.9943998456
0.49954533577
0.994182229042
0.528766155243
0.52668851614
0.527990818024
0.993690192699
0.994420647621
0.993999540806
0.529736161232
0.994317352772
0.526556193829
0.994374811649
0.498829483986
0.498732328415
0.525738298893
0.497941106558
0.497320711613
0.497234344482
0.994420647621
0.527661323547
0.528457045555
0.527632415295
0.496743083
0.498249709606
0.526090979576
0.49838539958
0.52547711134
0.498467594385
0.498549550772
0.994374811649
0.498400688171
0.994839906693
0.527887642384
0.526274323463
0.499126583338
0.527976751328
0.994639992714
0.528450250626
0.994374811649
0.527998387814
0.498034834862
0.994420647621
0.498853027821
0.498402178288
0.9944678545
0.993730306625
0.498792290688
0.498931497335
0.526901364326
0.527602612972
0.495988845825
0.52925825119
0.527405798435
0.994395911694
0.497792780399
0.994257986546
0.993795275688
0.499244362116
0.498598575592
0.994420647621
0.994206309319
0.496848285198
0.528974711895
0.499187529087
0.529106974602
0.994395911694
0.994374811649
0.52881526947
0.9943998456
0.527081906796
0.528491079807
0.498384743929
0.498658239841
0.498567849398
0.994369804859
0.527520418167
0.52824318409
0.498050302267
0.994420647621
0.9943998456
0.49816942215
0.499404668808
0.9943998456
0.498863786459
0.994374811649
0.49764162302
0.527766108513
0.498032212257
0.497899055481
0.498266279697
0.499194502831
0.49881452322
0.994285106659
0.993993341923
0.497929364443
0.528676331043
0.529170691967
0.498867273331
0.52803093195
0.49784642458
0.994420647621
0.994265913963
0.497528940439
0.994888663292
0.994395911694
0.499735862017
0.497057795525
0.499050557613
0.498516052961
0.994299530983
0.994374811649
0.994219839573
0.9943998456
0.9943998456
0.499885737896
0.498059779406
0.498984068632
0.994374811649
0.528230309486
0.994483113289
0.994094133377
0.526528000832
0.500388562679
0.9943998456
0.498844504356
0.498425722122
0.994374811649
0.994374811649
0.527745485306
0.501134097576
0.994420647621
0.526572883129
0.527484118938
0.529091358185
0.528565943241
0.498946994543
0.528765916824
0.52900326252
0.994153022766
0.99375975132
0.994374811649
0.9943998456
0.499017566442
0.994420647621
0.52671533823
0.49852758646
0.9943998456
0.499296247959
0.498529702425
0.497762650251
0.994420647621
0.498980522156
0.528377056122
0.527375638485
0.993261218071
0.994197487831
0.498848974705
0.993692517281
0.9943998456
0.994621157646
0.528084039688
0.52966684103
0.49803045392
0.498554974794
0.499400675297
0.526997685432
0.994072377682
0.994238734245
0.528658390045
0.499589055777
0.498751461506
0.994367957115
0.498227894306
0.528854370117
0.993672013283
0.49777764082
0.498684167862
0.526402115822
0.526920199394
0.498069316149
0.994374811649
0.994395911694
0.527194976807
0.498130649328
0.52849316597
0.497958987951
0.529237091541
0.9943998456
0.993804872036
0.497999101877
0.499227136374
0.994789779186
0.994395911694
0.526944577694
0.994420647621
0.52689152956
0.498521894217
0.527756929398
0.994420647621
0.994094789028
0.994629919529
0.497880101204
0.528270304203
0.993881225586
0.527605593204
0.9943998456
0.497493952513
0.530615985394
0.498411208391
0.529065907001
0.994585812092
0.499336510897
0.994115233421
0.499249786139
0.993655085564
0.993877291679
0.994260966778
0.9943998456
0.526215612888
0.52662229538
0.994346618652
0.527563750744
0.994443178177
0.49868747592
0.994303166866
0.994766414165
0.994395911694
0.497033208609
0.528258979321
0.49766382575
0.495244711637
0.49642816186
0.497595965862
0.528922975063
0.527541518211
0.994374811649
0.994420647621
0.499850541353
0.49877589941
0.499269008636
0.498347073793
0.528366208076
0.9943998456
0.527268826962
0.498345792294
0.498501390219
0.500329613686
0.994420647621
0.498620659113
0.994374811649
0.498380869627
0.528240084648
0.994282484055
0.498652905226
0.500617563725
0.498776882887
0.498823404312
0.529800653458
0.528322219849
0.498477905989
0.526852190495
0.501960992813
0.498661905527
0.9943998456
0.52757537365
0.994338154793
0.497293144464
0.498441666365
0.528110563755
0.527883589268
0.994374811649
0.529376149178
0.499057918787
0.994395911694
0.994536161423
0.526482880116
0.526996910572
0.9943998456
0.994124531746
0.9943998456
0.498176068068
0.497341394424
0.9943780303
0.498094260693
0.49872893095
0.528209626675
0.528115332127
0.498987644911
0.527190506458
0.9943998456
0.499255388975
0.528294026852
0.529484927654
0.499775201082
0.52660381794
0.527921020985
0.498773574829
0.527980685234
0.497358173132
0.994374811649
0.528865098953
0.994374096394
0.500406086445
0.994351565838
0.993655323982
0.527438282967
0.994405031204
0.993510246277
0.527680933475
0.498708575964
0.994395911694
0.498411118984
0.993991613388
0.527285695076
0.528283178806
0.994374811649
0.994395911694
0.499469548464
0.497658193111
0.498877108097
0.52640402317
0.528336286545
0.529460191727
0.527809500694
0.498597890139
0.526823699474
0.528587520123
0.527472853661
0.499012619257
0.994080841541
0.528655588627
0.994420647621
0.527793884277
0.994100928307
0.528222382069
0.528592705727
0.99374204874
0.529762387276
0.994348466396
0.527605712414
0.994172215462
0.498545080423
0.497656434774
0.497471541166
0.528749763966
0.497571289539
0.500494837761
0.497272491455
0.499288350344
0.497748285532
0.9943998456
0.497701346874
0.528783082962
0.529044926167
0.499702692032
0.994490683079
0.994420647621
0.498440235853
0.497920244932
0.9943998456
0.527540028095
0.527961969376
0.993695855141
0.993717312813
0.527123093605
0.498792290688
0.499050885439
0.49763906002
0.994420647621
0.499226778746
0.994709014893
0.497550934553
0.497832804918
0.527358114719
0.994420647621
0.529309153557
0.994420647621
0.49889087677
0.994395911694
0.499460816383
0.527117848396
0.994360804558
0.499451458454
0.994348168373
0.529309928417
0.499325573444
0.528853297234
0.49852976203
0.994395911694
0.994282066822
0.500179469585
0.993482410908
0.497469961643
0.994321465492
0.49843749404
0.528201699257
0.530059814453
0.497685611248
0.994374811649
0.498373776674
0.994395911694
0.527387917042
0.527247488499
0.498734414577
0.525978565216
0.994374811649
0.994733095169
0.497139155865
0.993902266026
0.526473402977
0.528430342674
0.49882209301
0.527107596397
0.498833209276
0.99404668808
0.498234719038
0.9943998456
0.99417090416
0.527322947979
0.994395911694
0.993692278862
0.498118817806
0.497732490301
0.994374811649
0.994296193123
0.499019861221
0.496865153313
0.527825951576
0.498503565788
0.498583555222
0.994374811649
0.993505120277
0.9943998456
0.994420647621
0.527019023895
0.498669594526
0.5290107131
0.498306393623
0.526593983173
0.49940636754
0.994044840336
0.528595864773
0.994374811649
0.498226284981
0.498277038336
0.994374811649
0.497951954603
0.500888824463
0.994374811649
0.9943998456
0.499317914248
0.993909835815
0.498248517513
0.99375462532
0.527817726135
0.994266450405
0.529413640499
0.528084039688
0.994333446026
0.528065979481
0.498567849398
0.527795791626
0.993996977806
0.498260289431
0.527053117752
0.527829945087
0.497753828764
0.9943998456
0.498596847057
0.526784241199
0.52688896656
0.525562286377
0.994501471519
0.527570664883
0.526249825954
0.529092311859
0.994513988495
0.994055330753
0.497425079346
0.528174936771
0.994420647621
0.498649120331
0.49791058898
0.994264245033
0.496549606323
0.528168022633
0.993905603886
0.994068264961
0.498706370592
0.994488179684
0.528900027275
0.527779638767
0.993946731091
0.526223659515
0.528040468693
0.497569024563
0.498109161854
0.993887364864
0.994374811649
0.528066039085
0.499508231878
0.528028964996
0.993494749069
0.994420647621
0.528761923313
0.530626833439
0.529008090496
0.527459025383
0.498339027166
0.994234144688
0.993226051331
0.994420647621
0.499120146036
0.528074622154
0.994364976883
0.528572976589
0.527480483055
0.994420647621
0.993957996368
0.528115510941
0.994395911694
0.497838526964
0.527622640133
0.497479140759
0.5281894207
0.994420647621
0.497805923223
0.99454754591
0.498030662537
0.529649019241
0.994180560112
0.994374811649
0.994395911694
0.497448712587
0.528066754341
0.498982608318
0.993926107883
0.498140573502
0.526540637016
0.993822336197
0.499729573727
0.49870505929
0.993794620037
0.994109034538
0.529253721237
0.994374811649
0.499497801065
0.528508484364
0.496521770954
0.530031383038
0.9943998456
0.994361519814
0.528612852097
0.497717827559
0.529074966908
0.529820799828
0.498532742262
0.9943998456
0.529501199722
0.99443769455
0.527877449989
0.527373850346
0.497889369726
0.994395911694
0.524772524834
0.994425296783
0.499059349298
0.527977287769
0.52600222826
0.993604063988
0.499359935522
0.993767380714
0.525489449501
0.497746348381
0.994058072567
0.498840212822
0.499245673418
0.527879476547
0.525811195374
0.994259238243
0.499446451664
0.528663098812
0.994374811649
0.52909296751
0.9941650033
0.528513252735
0.498139381409
0.527978241444
0.52734375
0.994137704372
0.994236171246
0.526961386204
0.530199706554
0.530738413334
0.497608840466
0.497731268406
0.526712119579
0.9943998456
0.994420647621
0.529449224472
0.528067886829
0.527376234531
0.994234085083
0.527496516705
0.527997791767
0.994397938251
0.9943998456
0.498697251081
0.530259609222
0.529017567635
0.499449014664
0.99421107769
0.528862059116
0.994395911694
0.993882238865
0.528309702873
0.993954062462
0.526362001896
0.994082927704
0.994420647621
0.498394429684
0.993521034718
0.498248666525
0.498169481754
0.498757660389
0.498063206673
0.525898575783
0.529759168625
0.499194145203
0.994058251381
0.527977347374
0.498763263226
0.498075544834
0.994401335716
0.5270870924
0.9943998456
0.529830694199
0.527509212494
0.498529821634
0.994617164135
0.498989492655
0.994395911694
0.498182684183
0.994404315948
0.499107062817
0.497822016478
0.499845653772
0.528816699982
0.994323730469
0.528000175953
0.528734207153
0.994395911694
0.528746962547
0.994543612003
0.497791200876
0.498178839684
0.49722418189
0.994420647621
0.528583049774
0.498037070036
0.527918696404
0.9943998456
0.498405694962
0.527850210667
0.994395911694
0.49841311574
0.496870070696
0.993206441402
0.994395911694
0.994395911694
0.498515933752
0.994100451469
0.525519669056
0.498980522156
0.500048756599
0.994420647621
0.528908610344
0.993902504444
0.498279780149
0.994374811649
0.497724056244
0.993901968002
0.529014348984
0.994420647621
0.500249505043
0.497710436583
0.527406334877
0.498952507973
0.527821242809
0.527579247952
0.994374811649
0.529495239258
0.497301876545
0.993723034859
0.994457125664
0.525504589081
0.498855024576
0.497222423553
0.497799098492
0.994374811649
0.994420647621
0.497995495796
0.994272470474
0.9943998456
0.525853514671
0.529404461384
0.994395911694
0.500852942467
0.994395911694
0.9943998456
0.5265365839
0.527775287628
0.994374811649
0.498531401157
0.994341850281
0.994374811649
0.528442442417
0.497822016478
0.49762481451
0.994374811649
0.498189270496
0.994395911694
0.993698477745
0.497773319483
0.499397069216
0.993510007858
0.52858877182
0.498699098825
0.499161094427
0.525908410549
0.527843654156
0.497819244862
0.499533683062
0.528431236744
0.526587307453
0.994420647621
0.9943998456
0.9943998456
0.499316215515
0.498093664646
0.497960716486
0.9943998456
0.994272708893
0.498314917088
0.994374811649
0.994388401508
0.994525015354
0.498414248228
0.497304826975
0.994149804115
0.994127213955
0.528586447239
0.529007792473
0.529776036739
0.994395911694
0.528011739254
0.528094351292
0.994413197041
0.993879616261
0.496537357569
0.9943998456
0.994534134865
0.526718437672
0.994012892246
0.994420647621
0.994318604469
0.49790763855
0.527819216251
0.499311804771
0.529484689236
0.9943998456
0.496702969074
0.994227409363
0.498220711946
0.9943998456
0.526272952557
0.496440291405
0.994420647621
0.49954533577
0.498893558979
0.529142260551
0.994062423706
0.525917768478
0.52605009079
0.526813685894
0.497014462948
0.526442587376
0.498842090368
0.994420647621
0.994395911694
0.528489053249
0.498310029507
0.528101325035
0.498102217913
0.993973851204
0.497698485851
0.994374811649
0.52690321207
0.9943998456
0.498320758343
0.496582120657
0.529711008072
0.526591837406
0.527260541916
0.497940510511
0.498687148094
0.497809767723
0.498452037573
0.994679808617
0.526654481888
0.498727411032
0.527971506119
0.500848650932
0.530669927597
0.525265812874
0.994395911694
0.49997022748
0.527591705322
0.525994837284
0.52797627449
0.994374811649
0.994420647621
0.9943998456
0.530298531055
0.499139875174
0.99427741766
0.528089463711
0.994217514992
0.52833122015
0.529514193535
0.9943998456
0.498934924603
0.528375089169
0.994073152542
0.498595446348
0.993959128857
0.497010409832
0.994420647621
0.498183041811
0.529135584831
0.498511999846
0.52879679203
0.498392522335
0.527738451958
0.497397750616
0.994147062302
0.994395911694
0.526371121407
0.994033515453
0.527331590652
0.52805519104
0.994342148304
0.525321900845
0.498471140862
0.525138378143
0.526930391788
0.994374811649
0.527400135994
0.527997255325
0.49815684557
0.500299572945
0.994078993797
0.498506873846
0.497962355614
0.527146875858
0.499772787094
0.526860833168
0.498718053102
0.993830144405
0.497962832451
0.527906000614
0.49948862195
0.994420647621
0.993187487125
0.498078912497
0.994395911694
0.497292071581
0.994395911694
0.498446911573
0.499962806702
0.529766440392
0.99441832304
0.498132497072
0.499397069216
0.994265198708
0.525050222874
0.994172930717
0.498891592026
0.994420647621
0.994395911694
0.497896373272
0.994476020336
0.497031658888
0.529600799084
0.528062224388
0.498259454966
0.499791502953
0.528999984264
0.528943061829
0.497817277908
0.994374811649
0.994374811649
0.994192481041
0.49977633357
0.497355461121
0.9943998456
0.5294085145
0.528514325619
0.499711960554
0.52826577425
0.528037846088
0.497870713472
0.497737646103
0.994269669056
0.529923081398
0.9943998456
0.529242813587
0.499904960394
0.498010337353
0.994056284428
0.994316935539
0.5256960392
0.528885424137
0.994420647621
0.497085899115
0.498102068901
0.994374811649
0.993946313858
0.52810895443
0.994128644466
0.993265926838
0.499624043703
0.526866495609
0.993835866451
0.993840932846
0.528457522392
0.527906000614
0.993948698044
0.498538166285
0.498304277658
0.994536697865
0.526747345924
0.527896106243
0.99346601963
0.498344868422
0.993867278099
0.526971817017
0.498653203249
0.498144119978
0.498680561781
0.499793082476
0.500359416008
0.527580916882
0.496602714062
0.498400270939
0.994188308716
0.994408547878
0.528997898102
0.52860814333
0.994011342525
0.994343578815
0.993583977222
0.994737863541
0.99311876297
0.994167208672
0.498623967171
0.529583990574
0.498493075371
0.527453124523
0.498238652945
0.529883086681
0.994395911694
0.498251378536
0.498479366302
0.994160652161
0.9943998456
0.994374811649
0.498859971762
0.499513655901
0.994455456734
0.527566969395
0.499436318874
0.497019410133
0.994374811649
0.526375234127
0.528682529926
0.49701166153
0.994395911694
0.529073059559
0.527130961418
0.497023403645
0.499039798975
0.529438912868
0.527596533298
0.497408717871
0.529113054276
0.49923530221
0.499302953482
0.994420647621
0.529809355736
0.530549585819
0.530278086662
0.497693657875
0.500513195992
0.994510054588
0.528153002262
0.527392268181
0.527799785137
0.99429756403
0.529196798801
0.994420647621
0.994420647621
0.497782438993
0.9943998456
0.528723716736
0.994353234768
0.994419276714
0.526507437229
0.526202023029
0.9943998456
0.499392449856
0.994122624397
0.499419867992
0.499038040638
0.496374219656
0.528251588345
0.497595965862
0.993945658207
0.994374811649
0.497595250607
0.52924323082
0.9943998456
0.9943998456
0.528484463692
0.498854011297
0.498729676008
0.497567266226
0.528440535069
0.498033165932
0.49797937274
0.499800443649
0.994091808796
0.528472483158
0.995030879974
0.527368307114
0.4977042377
0.994406938553
0.527213931084
0.52708363533
0.528034806252
0.526544809341
0.498138278723
0.527893960476
0.528022825718
0.994374811649
0.497929364443
0.994449555874
0.499452829361
0.528605997562
0.994395911694
0.497397840023
0.527562856674
0.499705255032
0.497845172882
0.497563421726
0.528957128525
0.528709352016
0.524709582329
0.994374811649
0.499010711908
0.497862040997
0.994055211544
0.499062657356
0.500395536423
0.528008937836
0.994379580021
0.526942312717
0.9943998456
0.497690200806
0.994420647621
0.528625905514
0.994374811649
0.994093179703
0.9943998456
0.528823375702
0.993473172188
0.994162321091
0.994528710842
0.527547359467
0.528497934341
0.993818163872
0.498843461275
0.994395911694
0.994334757328
0.526644349098
0.994629919529
0.527916073799
0.498143345118
0.9943998456
0.993770360947
0.498232483864
0.528677940369
0.994436085224
0.498320251703
0.994395911694
0.49899572134
0.527434647083
0.498912870884
0.498946994543
0.529956221581
0.497520387173
0.529089868069
0.994374811649
0.994248688221
0.498427391052
0.9943998456
0.498085796833
0.994420647621
0.994395911694
0.527776420116
0.497337371111
0.496544241905
0.527691662312
0.993685543537
0.526242852211
0.994395911694
0.528704881668
0.994395911694
0.499315589666
0.9943998456
0.526627480984
0.529142260551
0.528198122978
0.994395911694
0.498379915953
0.528156042099
0.993692696095
0.498430460691
0.994395911694
0.498203068972
0.499737650156
0.498715549707
0.994018137455
0.529022634029
0.52911901474
0.994374811649
0.994395911694
0.526449561119
0.9943998456
0.498347520828
0.994395911694
0.498737663031
0.99472540617
0.497699916363
0.527845442295
0.9943998456
0.529404461384
0.994063675404
0.496882408857
0.499238669872
0.526523351669
0.994160592556
0.498762011528
0.528856575489
0.994140207767
0.994395911694
0.52845788002
0.528379499912
0.994072914124
0.993838131428
0.527151226997
0.498474031687
0.497936815023
0.994477272034
0.9947052598
0.498056173325
0.9943998456
0.527396202087
0.994099795818
0.498277693987
0.528970003128
0.529699921608
0.5288849473
0.994078099728
0.497384130955
0.9943998456
0.527951061726
0.529394328594
0.497450530529
0.527194976807
0.499833852053
0.994530558586
0.994172215462
0.497664898634
0.498819857836
0.498238891363
0.528538882732
0.49876716733
0.9943998456
0.498072385788
0.528122603893
0.497647792101
0.528759419918
0.528475999832
0.993828713894
0.498228490353
0.500907361507
0.530520379543
0.497717469931
0.994420647621
0.496640026569
0.994544386864
0.994108080864
0.9943998456
0.994554281235
0.527352035046
0.498455941677
0.497687250376
0.528149545193
0.497908860445
0.527751803398
0.993775069714
0.497973293066
0.528855621815
0.52911901474
0.994420647621
0.994115769863
0.525568127632
0.994395911694
0.994257390499
0.994395911694
0.994374811649
0.527861952782
0.499217987061
0.498476445675
0.498990505934
0.527215361595
0.498074799776
0.498153358698
0.993847429752
0.528687536716
0.498220384121
0.994420647621
0.496354609728
0.994374811649
0.993956625462
0.498075544834
0.994658052921
0.994420647621
0.528821647167
0.529184639454
0.994671881199
0.994420647621
0.9943998456
0.498044490814
0.994420647621
0.527693927288
0.526120364666
0.52665501833
0.499308824539
0.497690111399
0.994374811649
0.499141216278
0.528076171875
0.498444288969
0.994177281857
0.994420647621
0.52744436264
0.528397142887
0.9943998456
0.496381610632
0.526387572289
0.528580725193
0.528026282787
0.526749193668
0.994395911694
0.500880479813
0.527617037296
0.529164016247
0.499875694513
0.530262112617
0.526366472244
0.994165956974
0.499211728573
0.498217105865
0.9943998456
0.497987538576
0.993960142136
0.499613523483
0.9943998456
0.9943998456
0.52999907732
0.498992830515
0.497658193111
0.526645004749
0.499364048243
0.994420647621
0.528459310532
0.499187499285
0.9943998456
0.529304563999
0.526715219021
0.994046807289
0.5272321105
0.527336895466
0.496852517128
0.994258701801
0.994395911694
0.9943998456
0.498959690332
0.527600049973
0.50003528595
0.525870978832
0.498313575983
0.994522869587
0.498839497566
0.994054377079
0.994370698929
0.530665874481
0.529239237309
0.994395911694
0.498982578516
0.528043627739
0.497894972563
0.9943998456
0.529630720615
0.498737633228
0.528623223305
0.994420647621
0.526551365852
0.994395911694
0.528792798519
0.994395911694
0.52544605732
0.500048875809
0.994208753109
0.99386793375
0.498719215393
0.994324684143
0.527445197105
0.994196176529
0.994499623775
0.527898669243
0.528200566769
0.9943998456
0.527328550816
0.994395911694
0.49752509594
0.993587613106
0.994395911694
0.497770309448
0.498909175396
0.529336869717
0.529250919819
0.528285443783
0.499944329262
0.497946441174
0.499786943197
0.994395911694
0.994420647621
0.527556061745
0.52901160717
0.497419327497
Accuracy: 0.655714
