
Parameters:
ALLOW_SOFT_PLACEMENT=True
BATCH_SIZE=64
CHECKPOINT_DIR=
EVAL_FILEPATH=validation.txt0
LOG_DEVICE_PLACEMENT=False
MODEL=runs/1532808018/checkpoints/model-1000
VOCAB_FILEPATH=runs/1532808018/checkpoints/vocab

Loading testing/labelled data from validation.txt0
46

Evaluating...

runs/1532808018/checkpoints/model-1000
[[array([2, 0, 0, 0, 0, 0, 0, 0, 0, 0, 0, 0, 0, 0, 0])
  array([2, 0, 0, 0, 0, 0, 0, 0, 0, 0, 0, 0, 0, 0, 0]) 0]
 [array([24, 18,  8, 17,  3,  4, 24, 18, 27, 30, 23,  8,  7,  4, 26])
  array([2, 0, 0, 0, 0, 0, 0, 0, 0, 0, 0, 0, 0, 0, 0]) 1]
 [array([2, 0, 0, 0, 0, 0, 0, 0, 0, 0, 0, 0, 0, 0, 0])
  array([17, 21,  5,  2,  4, 15, 23, 17, 16, 28,  3,  6,  6,  4, 26]) 0]
 ..., 
 [array([ 1,  3, 15, 15, 18,  4, 19, 21,  3,  2,  4, 26, 25, 10, 11])
  array([17, 28,  5, 15, 18,  7,  4, 16,  5,  8, 22,  5,  2,  4, 26]) 0]
 [array([2, 0, 0, 0, 0, 0, 0, 0, 0, 0, 0, 0, 0, 0, 0])
  array([28, 18, 21, 21, 23,  7,  5,  8,  4, 21,  3,  2,  8,  5,  6]) 1]
 [array([2, 0, 0, 0, 0, 0, 0, 0, 0, 0, 0, 0, 0, 0, 0])
  array([27, 18, 24,  3,  4, 15,  5, 22, 22,  7,  4, 25, 37, 11, 12]) 1]]
(1089, 3)
[ 0.9906342   0.1115151   0.00590226  0.12265849  0.00570099  0.9906342
  0.9906342   0.98937702  0.9906342   0.00592133  0.10968611  0.9907456
  0.99111551  0.99042392  0.10408638  0.9906342   0.00591234  0.10334036
  0.00588932  0.99049354  0.9902904   0.11891259  0.99044865  0.00557384
  0.12483297  0.9906342   0.99005717  0.9906342   0.9906342   0.11581393
  0.00565872  0.0069851   0.9906342   0.10609786  0.11138522  0.11060136
  0.11934435  0.00622723  0.00587071  0.13411625  0.00540128  0.9906342
  0.11092979  0.9906342   0.00577775  0.10909201  0.9906342   0.12801149
  0.9901042   0.10680246  0.12823452  0.10936613  0.99049067  0.1144159
  0.00606412  0.00606195  0.006107    0.99089813  0.11643622  0.00550489
  0.00578543  0.0054981   0.12063833  0.11000859  0.9906342   0.98911887
  0.99066687  0.9906342   0.0065313   0.10683985  0.11890021  0.99124777
  0.00646597  0.10984407  0.00552359  0.00582038  0.00574803  0.99047989
  0.10482299  0.11148009  0.12378682  0.9906342   0.11697682  0.11165929
  0.00573775  0.13298799  0.99006253  0.99050415  0.11053087  0.00612246
  0.99142307  0.11368801  0.99013472  0.00570148  0.00598818  0.00570784
  0.00636022  0.11283631  0.00612644  0.00598125  0.13816072  0.9906342
  0.13338798  0.0056865   0.106374    0.00548749  0.00574027  0.99051344
  0.9906342   0.10923921  0.9906342   0.9906342   0.10561427  0.10491139
  0.98868614  0.99071956  0.1256641   0.00633775  0.00589573  0.11709308
  0.99023306  0.00566888  0.9906342   0.99011654  0.0056974   0.00595281
  0.10453349  0.9905957 ]
DEV acc 0.6953125
[ 0.00561288  0.99012703  0.9906342   0.99052387  0.11801928  0.99074745
  0.11112894  0.12746961  0.00580767  0.0055204   0.11324745  0.10996791
  0.11593305  0.99044073  0.9906342   0.00596671  0.00573368  0.10908006
  0.12076972  0.9906342   0.11356439  0.0059143   0.98951548  0.99048519
  0.11964372  0.11311679  0.16125947  0.12709869  0.9906342   0.00572255
  0.00610455  0.99065149  0.0056172   0.00568881  0.0059309   0.00561848
  0.99071997  0.99063408  0.9906342   0.00649801  0.1176819   0.00579296
  0.11117047  0.12129238  0.99051636  0.12220687  0.98935497  0.0058234
  0.9906342   0.00573192  0.10954216  0.11305071  0.00544611  0.10629929
  0.00617347  0.99018365  0.9906342   0.9906342   0.99113339  0.11630941
  0.00576221  0.99072808  0.00562211  0.00571419  0.00584387  0.00797193
  0.11253252  0.11400648  0.00576099  0.99088436  0.14068638  0.11684316
  0.99044365  0.9906342   0.11392377  0.00572953  0.9906342   0.12179259
  0.99067956  0.10895089  0.00561505  0.9891836   0.10572793  0.9906342
  0.99042732  0.00548872  0.11098389  0.00568601  0.00549084  0.00581035
  0.9906342   0.13159534  0.11331607  0.9906342   0.00614443  0.99022627
  0.99117124  0.11792573  0.00552137  0.9906342   0.11338316  0.00570182
  0.1174648   0.1298826   0.00573137  0.99073064  0.00555944  0.99044943
  0.00551656  0.9906342   0.0059143   0.9897756   0.9906342   0.99063063
  0.0058277   0.00553143  0.9906342   0.99001676  0.00543464  0.00550416
  0.9906342   0.10187278  0.00567545  0.11331013  0.12285896  0.12902986
  0.00553402  0.12713048]
DEV acc 0.6953125
[ 0.12351525  0.00564256  0.99076617  0.9906342   0.00569617  0.11015161
  0.00576099  0.12581328  0.00544518  0.11598994  0.10769352  0.10614543
  0.9906342   0.10520259  0.00568692  0.00539205  0.99090314  0.00556329
  0.9906342   0.00563196  0.0059574   0.9906342   0.0057902   0.12089977
  0.12582624  0.12687342  0.99051964  0.00550719  0.11110071  0.1159215
  0.98919886  0.00585105  0.00618449  0.0059137   0.00533959  0.00578079
  0.00577843  0.98986018  0.0056756   0.00612905  0.0056049   0.13857014
  0.11333747  0.10341921  0.00579447  0.9906342   0.99066466  0.98988914
  0.00565644  0.9906342   0.9906342   0.98982632  0.11180533  0.00575384
  0.11970302  0.00556014  0.12839459  0.12014554  0.00705641  0.9906342
  0.10788545  0.00560674  0.00595695  0.11094833  0.99052548  0.10400651
  0.12050104  0.1054598   0.00607171  0.00569457  0.00560901  0.12787503
  0.99075371  0.99058121  0.11498039  0.9888289   0.12544802  0.99000174
  0.00600003  0.9906342   0.00538062  0.00554641  0.00586895  0.12403174
  0.0056721   0.99009693  0.00580163  0.00619494  0.00560558  0.11558332
  0.9906342   0.11327107  0.00557435  0.11025315  0.12418047  0.98959088
  0.11649884  0.00570215  0.9906342   0.9906342   0.0057086   0.9906342
  0.00538112  0.99063408  0.11431124  0.99026054  0.99011803  0.0055918
  0.00556059  0.99012274  0.12403174  0.99054176  0.12046356  0.12222321
  0.99094892  0.9906342   0.10957395  0.00584445  0.10033605  0.11080763
  0.10849472  0.99060202  0.1487624   0.11793493  0.9906342   0.98922545
  0.00555855  0.99083185]
DEV acc 0.65625
[ 0.98881215  0.00558701  0.11273233  0.00617904  0.1290388   0.00578128
  0.11315919  0.00590302  0.0054485   0.98932469  0.09964465  0.0056076
  0.11720292  0.10686758  0.10428509  0.99063408  0.9906342   0.10547484
  0.12194555  0.9906342   0.00597784  0.9906342   0.9906342   0.99044919
  0.10680246  0.11529791  0.00572568  0.00598232  0.11065359  0.98981547
  0.00552784  0.9906342   0.99032974  0.9906342   0.99024391  0.11772601
  0.11352177  0.00560031  0.99041873  0.13083476  0.00590226  0.12551862
  0.11281815  0.00582112  0.00546386  0.12399236  0.11958021  0.11652045
  0.99037862  0.00563902  0.11844715  0.11790771  0.00563796  0.99039644
  0.00597729  0.00607383  0.00581156  0.00599279  0.00620704  0.12454341
  0.9905687   0.99044597  0.99003106  0.9906342   0.00607383  0.13816072
  0.005654    0.9906342   0.10434656  0.9906342   0.12003468  0.00571158
  0.99089044  0.9906342   0.99087965  0.10449781  0.00575239  0.10228564
  0.99022055  0.9904868   0.99063408  0.9906342   0.00635913  0.9906342
  0.10466029  0.99069846  0.10224888  0.00562959  0.99015999  0.9906342
  0.00568665  0.00575353  0.00559496  0.99013472  0.11610954  0.99013472
  0.10822276  0.1182109   0.0055705   0.9906342   0.00574735  0.9906342
  0.11127403  0.11016675  0.00561013  0.99026948  0.00581061  0.00635132
  0.00541389  0.11481865  0.9906342   0.11856215  0.11369546  0.12390176
  0.11199594  0.11402377  0.99013472  0.13652542  0.99134868  0.99014074
  0.98978144  0.11168943  0.11745182  0.9906342   0.99054575  0.11620411
  0.0055444   0.9906342 ]
DEV acc 0.6328125
[ 0.9906342   0.98930693  0.00585172  0.00565695  0.12161841  0.00557733
  0.11890064  0.00603703  0.99063408  0.00575876  0.00555909  0.9906342
  0.00550945  0.00571468  0.00561298  0.11389225  0.9906342   0.11709747
  0.13490093  0.10439162  0.00598265  0.9906342   0.10922125  0.1166174
  0.11227583  0.9906342   0.1123357   0.11364624  0.10811106  0.11710628
  0.00552653  0.11686227  0.9906342   0.11753757  0.0058618   0.10846138
  0.00571649  0.1073847   0.00571013  0.1104232   0.99066693  0.13815136
  0.99027777  0.1068792   0.11624274  0.12318519  0.00676005  0.10981184
  0.99005735  0.14579865  0.99069977  0.9906342   0.12038026  0.00595743
  0.00558501  0.00583004  0.11339568  0.00560716  0.9906342   0.09846032
  0.10864919  0.99058455  0.14359908  0.00620531  0.00562163  0.00566798
  0.00551603  0.0057902   0.00561521  0.00616301  0.9906342   0.00546206
  0.12409007  0.10654785  0.11045107  0.11544083  0.00610593  0.13206255
  0.98996753  0.00610744  0.10773396  0.99051619  0.00607623  0.00624981
  0.00558254  0.00579678  0.10874797  0.99034286  0.11979921  0.11117934
  0.9906342   0.00573236  0.12375999  0.00568434  0.99020213  0.9906342
  0.12109726  0.99119496  0.12526563  0.9906342   0.99010336  0.12879355
  0.12721829  0.12114183  0.9906342   0.11079071  0.00587552  0.10514552
  0.98991561  0.11225026  0.00603022  0.9906342   0.00570853  0.9906342
  0.00587202  0.99035543  0.99047291  0.15848804  0.10687912  0.11505337
  0.00582568  0.99103993  0.11278027  0.11513691  0.11991046  0.00577544
  0.0059175   0.10576325]
DEV acc 0.6328125
[ 0.99087316  0.9906342   0.99033701  0.00553456  0.11037927  0.99003989
  0.00597564  0.00569856  0.99060047  0.9906342   0.00552926  0.99074501
  0.11817455  0.9906342   0.00633775  0.10940491  0.12941231  0.1022941
  0.99042529  0.98969901  0.00643457  0.00576159  0.10665847  0.11311606
  0.107647    0.11166175  0.9906342   0.9906342   0.0055491   0.9906342
  0.119639    0.9906342   0.11838994  0.1008766   0.00576633  0.00550047
  0.9906342   0.9906342   0.11458643  0.98993552  0.00586003  0.11801928
  0.9906342   0.99017513  0.12037747  0.99037814  0.00580728  0.99100775
  0.00538026  0.11803365  0.10149188  0.11751529  0.11417808  0.0054485
  0.9906342   0.99018013  0.00550371  0.99028599  0.12144368  0.10627423
  0.00592354  0.12878686  0.9906342   0.99024117  0.11748662  0.11203305
  0.1142028   0.00639371  0.9906342   0.005481    0.99042791  0.9906342
  0.99088597  0.98891985  0.99045181  0.99009907  0.00562786  0.99010444
  0.11110395  0.00572387  0.9906342   0.9906342   0.11375841  0.11176035
  0.12018821  0.00554129  0.11718664  0.99011713  0.00558261  0.16133977
  0.11769009  0.00557999  0.00578936  0.9906342   0.1237379   0.99080724
  0.98962206  0.9906342   0.10542233  0.9906342   0.99055296  0.10965433
  0.00584838  0.00602297  0.9906342   0.00531066  0.9906342   0.00546451
  0.9906342   0.9906342   0.99058974  0.99069607  0.13334166  0.9906342
  0.00566128  0.0057527   0.12468122  0.9906342   0.9906342   0.10696992
  0.00570934  0.00563619  0.98999065  0.00574705  0.9906342   0.00572393
  0.11182962  0.11281431]
DEV acc 0.7109375
[ 0.00600693  0.9887138   0.12584516  0.14276105  0.00561218  0.98860198
  0.9906342   0.99069524  0.12193068  0.1238874   0.99038869  0.9902705
  0.11974176  0.00591122  0.00553319  0.9906342   0.13834995  0.12399236
  0.00586749  0.98973918  0.99092418  0.00623755  0.00565324  0.11890021
  0.00594575  0.00571964  0.00617484  0.99047875  0.10947322  0.11289602
  0.11126192  0.99013472  0.12860027  0.00602714  0.13724746  0.00556879
  0.12376561  0.11842535  0.11805405  0.00597456  0.00612196  0.00578781
  0.9906342   0.00578723  0.00564763  0.99043047  0.12263512  0.00566307
  0.00638259  0.99044263  0.10026259  0.11843438  0.9902153   0.99059278
  0.09896388  0.11096544  0.00584481  0.11089287  0.00558854  0.11028305
  0.12076095  0.10947322  0.98945111  0.13004948  0.98980618  0.98988408
  0.00609087  0.12358551  0.9906342   0.9906342   0.00588274  0.13156459
  0.9906342   0.00560865  0.1323331   0.00612329  0.9906342   0.00577527
  0.98991615  0.00600942  0.10856206  0.99055928  0.00569712  0.99040955
  0.9906342   0.9906342   0.00615844  0.99076492  0.10552977  0.12754261
  0.9906342   0.99083692  0.12722817  0.00577739  0.99021691  0.9906342
  0.13042426  0.0059825   0.12385947  0.1027196   0.11648001  0.12755653
  0.00567254  0.00586938  0.00570794  0.99063408  0.00594743  0.12544802
  0.9906342   0.10369072  0.10930943  0.11476218  0.1223719   0.9906342
  0.00546434  0.99024481  0.13640794  0.9906342   0.99000758  0.00694519
  0.9906342   0.00576013  0.00569442  0.1280895   0.99040174  0.00588452
  0.00552708  0.00564036]
DEV acc 0.6796875
[ 0.9906342   0.11304381  0.99010009  0.9906342   0.99063408  0.9906342
  0.11184427  0.11471771  0.99063408  0.99004495  0.00556069  0.00556328
  0.99064231  0.00576691  0.9901408   0.12537485  0.00550881  0.13890748
  0.00583908  0.99057931  0.15180373  0.12571484  0.98987007  0.11707901
  0.00562628  0.1321484   0.98968685  0.99065751  0.12434625  0.00545504
  0.00574126  0.11355025  0.00556445  0.00586858  0.99105233  0.9906342
  0.9906342   0.99078602  0.00593683  0.00658007  0.00598447  0.10219061
  0.1181089   0.00575883  0.1414071   0.9906342   0.00556276  0.10529318
  0.99063408  0.00555787  0.11602019  0.9906342   0.98945969  0.00603111
  0.9906342   0.1126963   0.11732182  0.0058288   0.00564541  0.12396525
  0.00571834  0.00593683  0.99072331  0.99051422  0.00584941  0.9906342
  0.00581515  0.00562358  0.00585444  0.11698128  0.00555337  0.99130434
  0.99075806  0.98942953  0.9906342   0.10891595  0.12888621  0.9906342
  0.00643839  0.99049199  0.00548547  0.11502521  0.00556293  0.98981214
  0.12131105  0.9906342   0.99013472  0.00561536  0.00574065  0.00610505
  0.1334803   0.11292484  0.9906643   0.11931247  0.98970497  0.98961186
  0.9906342   0.005822    0.11596761  0.99090952  0.99000549  0.10659112
  0.9906342   0.00556601  0.99003071  0.98983669  0.99102926  0.9906342
  0.13233596  0.9906342   0.00566746  0.9906342   0.00599716  0.00635613
  0.1181089   0.99036026  0.9906342   0.00550901  0.9906342   0.10524324
  0.98990387  0.12093106  0.00638832  0.0057566   0.12922122  0.9906342
  0.11573897  0.9906342 ]
DEV acc 0.734375
[ 0.9906342   0.11193328  0.00573946  0.00584108  0.10022605  0.11817455
  0.99042708  0.12568343  0.9906342   0.11566959  0.10635061  0.00564141
  0.10673027  0.11621768  0.00552269  0.9906342   0.9906342   0.11229108
  0.11681267  0.00599169  0.114373    0.00557425  0.00620055  0.12184525
  0.11871778  0.00554901  0.99052733  0.10778767  0.99044329  0.11277974
  0.99001718  0.9906342   0.00548061  0.9906342   0.9906342   0.00548553
  0.10627811  0.99043173  0.12672079  0.99012077  0.10787025  0.10604756
  0.0061885   0.9906342   0.99057806  0.11977442  0.11515678  0.9906342
  0.00641751  0.00683611  0.00572794  0.00559832  0.9906342   0.10590878
  0.00566571  0.9906342   0.0055509   0.11468223  0.9906342   0.9906342
  0.00570039  0.00587237  0.99007559  0.00624545  0.00598433]
DEV acc 0.646153867245
0.990634202957
0.11151509732
0.0059022619389
0.122658491135
0.00570099288598
0.990634202957
0.990634202957
0.98937702179
0.990634202957
0.00592132750899
0.109686113894
0.990745604038
0.991115510464
0.99042391777
0.104086376727
0.990634202957
0.00591234397143
0.103340357542
0.00588931888342
0.990493535995
0.990290403366
0.11891258508
0.990448653698
0.00557384127751
0.124832972884
0.990634202957
0.990057170391
0.990634202957
0.990634202957
0.115813933313
0.00565871875733
0.00698509812355
0.990634202957
0.106097862124
0.111385218799
0.110601358116
0.119344346225
0.0062272339128
0.00587071059272
0.134116247296
0.00540127931163
0.990634202957
0.11092979461
0.990634202957
0.00577775156125
0.109092012048
0.990634202957
0.128011494875
0.990104198456
0.106802463531
0.128234520555
0.109366126359
0.990490674973
0.114415898919
0.00606412487105
0.0060619469732
0.00610699923709
0.990898132324
0.116436220706
0.00550488568842
0.00578542659059
0.00549810472876
0.120638333261
0.110008589923
0.990634202957
0.989118874073
0.990666866302
0.990634202957
0.00653129629791
0.106839850545
0.118900209665
0.99124777317
0.00646597146988
0.109844073653
0.00552358664572
0.00582038005814
0.00574802840129
0.990479886532
0.104822993279
0.111480094492
0.123786821961
0.990634202957
0.116976819932
0.111659288406
0.00573774799705
0.132987990975
0.990062534809
0.990504145622
0.110530868173
0.00612246384844
0.991423070431
0.113688014448
0.990134716034
0.00570148043334
0.00598818156868
0.00570784043521
0.00636022491381
0.112836308777
0.00612643780187
0.00598124600947
0.138160720468
0.990634202957
0.133387982845
0.00568649871275
0.106374002993
0.00548748858273
0.00574026722461
0.990513443947
0.990634202957
0.109239205718
0.990634202957
0.990634202957
0.10561426729
0.104911394417
0.988686144352
0.990719556808
0.125664100051
0.00633774884045
0.00589572545141
0.117093078792
0.990233063698
0.00566887902096
0.990634202957
0.990116536617
0.00569740496576
0.00595281366259
0.104533486068
0.990595698357
0.00561287812889
0.990127027035
0.990634202957
0.99052387476
0.118019275367
0.990747451782
0.111128941178
0.127469614148
0.00580767029896
0.0055204029195
0.113247454166
0.109967909753
0.115933045745
0.99044072628
0.990634202957
0.00596671225503
0.00573368277401
0.109080061316
0.12076972425
0.990634202957
0.113564394414
0.00591430393979
0.989515483379
0.990485191345
0.119643718004
0.113116785884
0.16125947237
0.127098694444
0.990634202957
0.00572254601866
0.00610454753041
0.990651488304
0.00561720272526
0.00568881398067
0.00593090197071
0.0056184809655
0.990719974041
0.990634083748
0.990634202957
0.00649801036343
0.117681898177
0.0057929600589
0.111170470715
0.121292375028
0.990516364574
0.122206866741
0.989354968071
0.00582340173423
0.990634202957
0.00573192117736
0.109542161226
0.113050706685
0.00544610712677
0.106299288571
0.0061734681949
0.990183651447
0.990634202957
0.990634202957
0.991133391857
0.116309411824
0.00576220778748
0.990728080273
0.00562210660428
0.00571419252083
0.00584386941046
0.00797192659229
0.112532518804
0.114006482065
0.00576099473983
0.990884363651
0.140686377883
0.116843163967
0.990443646908
0.990634202957
0.113923765719
0.00572952860966
0.990634202957
0.121792592108
0.990679562092
0.108950890601
0.00561504904181
0.989183604717
0.105727933347
0.990634202957
0.990427315235
0.00548871513456
0.110983893275
0.00568600511178
0.00549084227532
0.00581035064533
0.990634202957
0.131595343351
0.113316066563
0.990634202957
0.00614442722872
0.990226268768
0.991171240807
0.117925725877
0.00552136776969
0.990634202957
0.113383159041
0.00570182409137
0.117464803159
0.129882603884
0.00573136750609
0.990730643272
0.00555943790823
0.990449428558
0.00551656028256
0.990634202957
0.00591430393979
0.989775598049
0.990634202957
0.990630626678
0.00582769885659
0.00553143024445
0.990634202957
0.990016758442
0.00543463975191
0.00550415925682
0.990634202957
0.101872779429
0.00567545183003
0.11331012845
0.122858956456
0.129029855132
0.00553402444348
0.127130478621
0.123515248299
0.00564256357029
0.990766167641
0.990634202957
0.00569616816938
0.110151611269
0.00576099473983
0.125813275576
0.0054451781325
0.115989938378
0.107693515718
0.106145426631
0.990634202957
0.105202592909
0.00568691687658
0.00539204664528
0.990903139114
0.00556328892708
0.990634202957
0.00563196325675
0.00595740135759
0.990634202957
0.00579019961879
0.120899774134
0.125826239586
0.126873418689
0.99051964283
0.00550719117746
0.111100710928
0.115921497345
0.989198863506
0.00585104897618
0.00618449039757
0.00591370090842
0.0053395931609
0.00578079419211
0.00577842630446
0.98986017704
0.00567559991032
0.00612905202433
0.00560489716008
0.138570144773
0.113337472081
0.103419207036
0.0057944660075
0.990634202957
0.990664660931
0.989889144897
0.00565644260496
0.990634202957
0.990634202957
0.989826321602
0.111805327237
0.00575383799151
0.119703017175
0.00556013965979
0.128394588828
0.120145536959
0.00705641461536
0.990634202957
0.107885450125
0.0056067421101
0.00595695478842
0.110948331654
0.990525484085
0.104006513953
0.120501041412
0.105459801853
0.00607170723379
0.00569456676021
0.0056090108119
0.127875030041
0.99075371027
0.990581214428
0.114980392158
0.988828897476
0.125448018312
0.990001738071
0.00600003311411
0.990634202957
0.00538061512634
0.0055464124307
0.00586894759908
0.124031737447
0.00567209720612
0.990096926689
0.00580163020641
0.00619493518025
0.00560558354482
0.115583322942
0.990634202957
0.113271065056
0.0055743525736
0.110253147781
0.124180473387
0.989590883255
0.116498842835
0.00570215377957
0.990634202957
0.990634202957
0.00570859666914
0.990634202957
0.00538112223148
0.990634083748
0.114311240613
0.990260541439
0.990118026733
0.00559180462733
0.00556058855727
0.9901227355
0.124031737447
0.990541756153
0.120463557541
0.122223213315
0.990948915482
0.990634202957
0.109573945403
0.00584444543347
0.100336052477
0.110807627439
0.108494721353
0.990602016449
0.148762404919
0.117934927344
0.990634202957
0.989225447178
0.00555854523554
0.990831851959
0.988812148571
0.00558700924739
0.112732328475
0.00617903610691
0.129038795829
0.00578127987683
0.113159187138
0.00590301910415
0.00544850481674
0.989324688911
0.0996446460485
0.00560760172084
0.117202915251
0.106867581606
0.104285091162
0.990634083748
0.990634202957
0.105474837124
0.121945552528
0.990634202957
0.00597784295678
0.990634202957
0.990634202957
0.99044919014
0.106802463531
0.115297906101
0.00572567619383
0.00598232354969
0.110653586686
0.989815473557
0.00552784092724
0.990634202957
0.990329742432
0.990634202957
0.990243911743
0.117726005614
0.113521769643
0.00560030760244
0.990418732166
0.130834758282
0.0059022619389
0.125518620014
0.112818151712
0.00582112465054
0.00546385999769
0.123992361128
0.119580209255
0.116520449519
0.99037861824
0.00563901523128
0.11844715476
0.117907710373
0.00563795957714
0.990396440029
0.00597728509456
0.00607382878661
0.00581155763939
0.00599279394373
0.00620704097673
0.124543406069
0.990568697453
0.990445971489
0.990031063557
0.990634202957
0.00607382878661
0.138160720468
0.00565399695188
0.990634202957
0.104346558452
0.990634202957
0.12003467977
0.00571158016101
0.990890443325
0.990634202957
0.990879654884
0.104497805238
0.00575239118189
0.102285638452
0.990220546722
0.990486800671
0.990634083748
0.990634202957
0.00635912828147
0.990634202957
0.10466029495
0.990698456764
0.102248877287
0.00562959257513
0.990159988403
0.990634202957
0.00568665284663
0.00575352972373
0.00559495575726
0.990134716034
0.116109535098
0.990134716034
0.10822276026
0.11821089685
0.00557049643248
0.990634202957
0.00574735039845
0.990634202957
0.111274026334
0.110166750848
0.00561012607068
0.990269482136
0.00581060629338
0.00635132100433
0.00541389267892
0.114818647504
0.990634202957
0.118562147021
0.113695457578
0.123901762068
0.111995942891
0.114023774862
0.990134716034
0.136525422335
0.991348683834
0.990140736103
0.989781439304
0.111689433455
0.117451816797
0.990634202957
0.990545749664
0.116204105318
0.00554440310225
0.990634202957
0.990634202957
0.989306926727
0.00585172418505
0.00565695017576
0.121618412435
0.00557732908055
0.118900641799
0.00603702664375
0.990634083748
0.00575876282528
0.00555908819661
0.990634202957
0.00550944823772
0.00571467913687
0.00561298429966
0.113892249763
0.990634202957
0.117097474635
0.134900927544
0.104391619563
0.00598264764994
0.990634202957
0.109221249819
0.116617396474
0.112275831401
0.990634202957
0.112335696816
0.113646239042
0.108111061156
0.117106281221
0.00552652822807
0.116862267256
0.990634202957
0.11753757298
0.005861798767
0.108461380005
0.0057164914906
0.107384704053
0.0057101296261
0.110423199832
0.990666925907
0.138151362538
0.990277767181
0.106879197061
0.116242744029
0.123185187578
0.00676004588604
0.109811842442
0.990057349205
0.145798653364
0.990699768066
0.990634202957
0.12038026005
0.00595743348822
0.00558501156047
0.00583004252985
0.113395683467
0.00560715794563
0.990634202957
0.098460316658
0.10864918679
0.990584552288
0.143599078059
0.00620530918241
0.00562162697315
0.00566797656938
0.00551602849737
0.00579019961879
0.00561520969495
0.00616301270202
0.990634202957
0.00546206440777
0.124090068042
0.10654784739
0.110451065004
0.115440830588
0.00610592868179
0.132062554359
0.989967525005
0.0061074369587
0.107733957469
0.99051618576
0.00607623113319
0.00624980730936
0.00558254495263
0.00579678220674
0.108747966588
0.990342855453
0.119799211621
0.111179336905
0.990634202957
0.00573235517368
0.123759992421
0.00568433851004
0.990202128887
0.990634202957
0.121097259223
0.991194963455
0.125265628099
0.990634202957
0.990103363991
0.128793552518
0.127218291163
0.121141828597
0.990634202957
0.110790707171
0.0058755222708
0.105145521462
0.98991560936
0.112250261009
0.00603021681309
0.990634202957
0.00570852914825
0.990634202957
0.00587202142924
0.990355432034
0.990472912788
0.158488035202
0.106879115105
0.115053370595
0.0058256839402
0.991039931774
0.112780272961
0.115136913955
0.119910463691
0.00577543629333
0.00591749697924
0.105763249099
0.990873157978
0.990634202957
0.990337014198
0.00553455715999
0.110379271209
0.990039885044
0.00597564363852
0.00569855887443
0.990600466728
0.990634202957
0.00552925560623
0.990745007992
0.118174545467
0.990634202957
0.00633774884045
0.109404906631
0.129412308335
0.102294102311
0.990425288677
0.989699006081
0.00643456773832
0.00576158938929
0.106658473611
0.113116055727
0.107647001743
0.111661754549
0.990634202957
0.990634202957
0.00554909836501
0.990634202957
0.119639001787
0.990634202957
0.118389941752
0.10087659955
0.00576633075252
0.00550047121942
0.990634202957
0.990634202957
0.114586427808
0.989935517311
0.00586002552882
0.118019275367
0.990634202957
0.990175127983
0.120377466083
0.990378141403
0.00580728007481
0.991007745266
0.00538025703281
0.118033654988
0.101491883397
0.117515288293
0.114178083837
0.00544850481674
0.990634202957
0.990180134773
0.005503710825
0.990285992622
0.121443681419
0.106274232268
0.00592354452237
0.128786861897
0.990634202957
0.99024116993
0.117486618459
0.112033046782
0.114202797413
0.00639371341094
0.990634202957
0.005481001921
0.990427911282
0.990634202957
0.990885972977
0.988919854164
0.990451812744
0.990099072456
0.00562786497176
0.990104436874
0.111103951931
0.00572386896238
0.990634202957
0.990634202957
0.113758407533
0.111760348082
0.120188213885
0.00554128736258
0.117186643183
0.990117132664
0.00558261247352
0.161339774728
0.117690093815
0.00557999033481
0.00578936096281
0.990634202957
0.123737901449
0.990807235241
0.989622056484
0.990634202957
0.105422332883
0.990634202957
0.990552961826
0.109654329717
0.00584837561473
0.00602296506986
0.990634202957
0.00531066162512
0.990634202957
0.00546450866386
0.990634202957
0.990634202957
0.990589737892
0.990696072578
0.133341655135
0.990634202957
0.00566127989441
0.00575269991532
0.124681219459
0.990634202957
0.990634202957
0.10696991533
0.0057093440555
0.00563618633896
0.989990651608
0.00574705004692
0.990634202957
0.00572392903268
0.11182962358
0.112814314663
0.00600693468004
0.988713800907
0.125845164061
0.142761051655
0.00561218103394
0.988601982594
0.990634202957
0.990695238113
0.121930681169
0.123887397349
0.990388691425
0.990270495415
0.119741760194
0.00591122312471
0.0055331857875
0.990634202957
0.138349950314
0.123992361128
0.00586748681962
0.989739179611
0.990924179554
0.00623755389825
0.00565323792398
0.118900209665
0.00594574538991
0.00571963610128
0.00617484422401
0.990478754044
0.109473221004
0.11289601773
0.111261919141
0.990134716034
0.128600269556
0.00602714205161
0.1372474581
0.00556878512725
0.123765610158
0.118425346911
0.118054054677
0.00597456190735
0.00612195581198
0.00578781450167
0.990634202957
0.00578722916543
0.00564763322473
0.990430474281
0.122635118663
0.00566307315603
0.00638258550316
0.990442633629
0.100262589753
0.118434377015
0.990215301514
0.990592777729
0.0989638790488
0.110965438187
0.00584480678663
0.110892869532
0.00558854453266
0.110283054411
0.120760954916
0.109473221004
0.989451110363
0.130049481988
0.989806175232
0.989884078503
0.00609086733311
0.123585507274
0.990634202957
0.990634202957
0.00588274234906
0.131564587355
0.990634202957
0.00560864899307
0.132333099842
0.00612328527495
0.990634202957
0.00577527331188
0.989916145802
0.00600942131132
0.1085620597
0.990559279919
0.00569712091237
0.990409553051
0.990634202957
0.990634202957
0.00615843711421
0.990764915943
0.105529770255
0.127542614937
0.990634202957
0.990836918354
0.127228170633
0.00577739207074
0.990216910839
0.990634202957
0.130424261093
0.00598249631003
0.123859465122
0.102719597518
0.116480007768
0.127556532621
0.00567254237831
0.0058693792671
0.00570794474334
0.990634083748
0.00594742642716
0.125448018312
0.990634202957
0.103690721095
0.109309434891
0.114762179554
0.122371904552
0.990634202957
0.00546434056014
0.990244805813
0.13640794158
0.990634202957
0.990007579327
0.00694518629462
0.990634202957
0.00576012814417
0.00569441542029
0.128089502454
0.990401744843
0.00588451884687
0.00552707584575
0.00564035773277
0.990634202957
0.113043807447
0.990100085735
0.990634202957
0.990634083748
0.990634202957
0.111844271421
0.114717714489
0.990634083748
0.990044951439
0.00556068727747
0.00556327681988
0.990642309189
0.00576691096649
0.990140795708
0.125374853611
0.00550880655646
0.13890747726
0.00583907915279
0.990579307079
0.151803731918
0.125714838505
0.989870071411
0.117079012096
0.00562628079206
0.132148399949
0.989686846733
0.990657508373
0.124346248806
0.00545503897592
0.00574125954881
0.113550253212
0.00556444609538
0.00586857832968
0.99105232954
0.990634202957
0.990634202957
0.990786015987
0.00593682518229
0.00658007152379
0.00598446838558
0.102190613747
0.118108898401
0.00575883034617
0.141407102346
0.990634202957
0.00556275947019
0.105293177068
0.990634083748
0.00555787421763
0.116020187736
0.990634202957
0.989459693432
0.00603111414239
0.990634202957
0.112696297467
0.117321819067
0.00582880247384
0.00564540922642
0.123965248466
0.00571833644062
0.00593682518229
0.990723311901
0.990514218807
0.00584941357374
0.990634202957
0.00581514788792
0.00562357902527
0.00585444271564
0.11698128283
0.00555336521938
0.991304337978
0.990758061409
0.989429533482
0.990634202957
0.108915954828
0.128886207938
0.990634202957
0.00643839035183
0.990491986275
0.00548546900973
0.1150252074
0.00556293316185
0.989812135696
0.121311053634
0.990634202957
0.990134716034
0.00561536289752
0.00574065139517
0.0061050481163
0.133480295539
0.112924844027
0.990664303303
0.119312465191
0.989704966545
0.98961186409
0.990634202957
0.00582200335339
0.115967608988
0.990909516811
0.990005493164
0.106591120362
0.990634202957
0.00556600745767
0.990030705929
0.98983669281
0.991029262543
0.990634202957
0.132335960865
0.990634202957
0.00566746294498
0.990634202957
0.00599715905264
0.0063561280258
0.118108898401
0.99036026001
0.990634202957
0.00550901098177
0.990634202957
0.105243235826
0.989903867245
0.120931059122
0.00638832105324
0.00575659889728
0.129221215844
0.990634202957
0.115738965571
0.990634202957
0.990634202957
0.111933276057
0.00573946302757
0.00584107963368
0.100226052105
0.118174545467
0.990427076817
0.125683426857
0.990634202957
0.115669585764
0.10635060817
0.0056414110586
0.106730274856
0.116217680275
0.00552268698812
0.990634202957
0.990634202957
0.112291075289
0.116812668741
0.00599168986082
0.114372998476
0.0055742515251
0.00620055012405
0.121845245361
0.118717782199
0.00554901128635
0.990527331829
0.107787668705
0.99044328928
0.112779736519
0.990017175674
0.990634202957
0.00548060517758
0.990634202957
0.990634202957
0.00548553233966
0.10627810657
0.990431725979
0.126720786095
0.990120768547
0.10787025094
0.106047563255
0.00618849508464
0.990634202957
0.990578055382
0.119774416089
0.115156777203
0.990634202957
0.006417513825
0.00683610839769
0.0057279355824
0.00559831550345
0.990634202957
0.10590878129
0.00566571345553
0.990634202957
0.00555089907721
0.114682227373
0.990634202957
0.990634202957
0.00570039497688
0.00587236601859
0.990075588226
0.00624544918537
0.00598433054984
Accuracy: 0.677686
