
Parameters:
ALLOW_SOFT_PLACEMENT=True
BATCH_SIZE=64
CHECKPOINT_DIR=
EVAL_FILEPATH=validation.txt0
LOG_DEVICE_PLACEMENT=False
MODEL=runs/1532811823/checkpoints/model-1000
VOCAB_FILEPATH=runs/1532811823/checkpoints/vocab

Loading testing/labelled data from validation.txt0
46

Evaluating...

runs/1532811823/checkpoints/model-1000
[[array([1, 0, 0, 0, 0, 0, 0, 0, 0, 0, 0, 0, 0, 0, 0])
  array([29,  9, 21,  1,  5,  5, 22, 13, 14,  5, 32,  3, 26,  4, 15]) 0]
 [array([1, 0, 0, 0, 0, 0, 0, 0, 0, 0, 0, 0, 0, 0, 0])
  array([ 8,  3, 10, 29, 16,  5,  8,  3, 15, 20, 26, 10, 17,  5, 33]) 1]
 [array([1, 0, 0, 0, 0, 0, 0, 0, 0, 0, 0, 0, 0, 0, 0])
  array([1, 0, 0, 0, 0, 0, 0, 0, 0, 0, 0, 0, 0, 0, 0]) 0]
 ..., 
 [array([10,  0,  0,  0,  0,  0,  0,  0,  0,  0,  0,  0,  0,  0,  0])
  array([40,  3, 11, 26,  5,  2, 16, 26, 20, 20, 26, 10, 16, 10,  5]) 0]
 [array([ 2,  3,  4,  4, 26, 17,  9, 10,  5,  4, 16,  1, 10,  9, 11])
  array([1, 0, 0, 0, 0, 0, 0, 0, 0, 0, 0, 0, 0, 0, 0]) 1]
 [array([1, 0, 0, 0, 0, 0, 0, 0, 0, 0, 0, 0, 0, 0, 0])
  array([15,  3,  8, 16,  5,  6,  9, 21, 21, 17,  5, 22, 34, 13, 14]) 1]]
(1089, 3)
[ 0.00358402  0.0033786   0.98954076  0.0037429   0.98954076  0.11503296
  0.00362987  0.98752868  0.09689733  0.10206213  0.00383529  0.09907
  0.00323234  0.987719    0.15466617  0.98954076  0.00326442  0.98952526
  0.13341179  0.10588656  0.98954076  0.13801269  0.00362414  0.98954076
  0.00318734  0.12226254  0.13436919  0.98954076  0.98796266  0.09890395
  0.98954076  0.98952526  0.10961005  0.00336884  0.98954076  0.12391966
  0.10279728  0.00376759  0.11959378  0.98954076  0.00323808  0.98926157
  0.98954076  0.98749846  0.00321231  0.10148075  0.00336622  0.00321136
  0.11043196  0.11025194  0.98954076  0.98952526  0.98801768  0.10151541
  0.00332774  0.98954076  0.10259411  0.98875576  0.98788202  0.00334685
  0.11692737  0.98895872  0.10313559  0.10956713  0.98873413  0.00335699
  0.98862922  0.09939346  0.9886865   0.00360397  0.00352141  0.00343419
  0.98954076  0.98954076  0.00336809  0.11651169  0.09689733  0.00335269
  0.00364158  0.98789263  0.10094044  0.98954076  0.98939067  0.10620376
  0.10704233  0.00328946  0.98882288  0.10844652  0.98954076  0.12524234
  0.9890182   0.11428137  0.10613766  0.1154244   0.12882541  0.1059461
  0.10673362  0.11447149  0.9885006   0.11434433  0.98954076  0.98954076
  0.00318749  0.0035957   0.0033249   0.11182867  0.00356016  0.98954076
  0.00334301  0.12874195  0.1045777   0.0034076   0.98954076  0.98954076
  0.98954076  0.11321885  0.98954076  0.0036016   0.12882051  0.98878169
  0.10850621  0.00370143  0.1019328   0.10359132  0.13501449  0.00374256
  0.1129927   0.98954076]
DEV acc 0.6953125
[ 0.0036495   0.00355551  0.98954076  0.00337617  0.10503712  0.00332896
  0.00327558  0.0984349   0.00327027  0.00375651  0.11199841  0.00337702
  0.98954076  0.98954076  0.98826784  0.98954076  0.98855186  0.12385241
  0.11506438  0.11709524  0.98954076  0.13421093  0.00344929  0.00359014
  0.00340328  0.00355194  0.98954076  0.11628752  0.98954076  0.00319328
  0.98938298  0.98954076  0.98954076  0.10770146  0.00357891  0.10923024
  0.98915404  0.98954117  0.98952526  0.98794144  0.9882046   0.98749101
  0.11534569  0.98820764  0.00337354  0.00357415  0.98862201  0.00332607
  0.10585167  0.00345148  0.1075571   0.11830844  0.00340911  0.09617078
  0.11945255  0.00345647  0.00347299  0.98883122  0.10226005  0.00357947
  0.11368878  0.00357609  0.00331714  0.11559701  0.00358262  0.09778689
  0.10608401  0.00337346  0.13146831  0.00348837  0.98954076  0.0037953
  0.98714942  0.9881646   0.11192612  0.00328537  0.00341886  0.98954076
  0.11654627  0.98954076  0.00368968  0.1179032   0.00344606  0.98954076
  0.00356288  0.98882931  0.10434645  0.12411087  0.11572573  0.10447834
  0.98817033  0.98954076  0.00355994  0.00376193  0.12325498  0.09841695
  0.98921537  0.00339778  0.98777837  0.10390624  0.11604462  0.98954076
  0.11821602  0.98954076  0.11295208  0.0032071   0.98794413  0.98954076
  0.98954076  0.12123647  0.11435399  0.98797423  0.98867536  0.98954076
  0.11662961  0.1240118   0.12952904  0.11173079  0.00332764  0.98912352
  0.98954076  0.00335304  0.00349524  0.00335268  0.12217926  0.10656182
  0.00341005  0.00335481]
DEV acc 0.6796875
[ 0.00342412  0.10216255  0.98954076  0.9892444   0.10421089  0.10642267
  0.98954076  0.10440157  0.12553759  0.00330275  0.1155318   0.00343944
  0.10202987  0.00360938  0.98689848  0.00394486  0.10649475  0.00341612
  0.10795181  0.10664708  0.1162315   0.98846108  0.00324365  0.00359254
  0.00362179  0.10989381  0.98954076  0.98954076  0.09979587  0.11319143
  0.00332774  0.98926443  0.00351173  0.00346992  0.00338999  0.98954076
  0.0956822   0.00324387  0.98954076  0.11064508  0.0035504   0.98932391
  0.00349163  0.00343533  0.09469994  0.10580125  0.00360378  0.11246885
  0.00382336  0.98843479  0.98875117  0.00359868  0.98954076  0.00349254
  0.00329856  0.00333686  0.11514717  0.11079787  0.00333547  0.0035484
  0.00347288  0.00353866  0.11676719  0.09959112  0.00338533  0.00322266
  0.00318744  0.98806715  0.00354814  0.98954076  0.10085748  0.00338845
  0.98954076  0.98826158  0.98828167  0.12209165  0.00328576  0.98795748
  0.98772544  0.98883766  0.120446    0.12851664  0.00319096  0.00364958
  0.00322108  0.98954076  0.98954076  0.10266113  0.00347922  0.98954076
  0.98954076  0.00334121  0.10686652  0.00332763  0.10046416  0.98954076
  0.003379    0.12103534  0.10279248  0.98954076  0.98843837  0.1200474
  0.1178002   0.12074766  0.98813391  0.12357862  0.00365344  0.00375124
  0.10676211  0.98861128  0.00330005  0.09940673  0.12197843  0.00342981
  0.98954076  0.98954076  0.9887054   0.11299647  0.11684264  0.98954076
  0.12148763  0.98844844  0.00368846  0.09959901  0.98889476  0.98814571
  0.9871763   0.98954076]
DEV acc 0.6640625
[ 0.11848661  0.98954076  0.00335274  0.98954076  0.00336612  0.12811537
  0.13235602  0.00364695  0.00344373  0.00318384  0.00351343  0.1029776
  0.98823774  0.98864257  0.00359779  0.98954117  0.98793358  0.00318762
  0.09674949  0.98777479  0.98831016  0.1042212   0.00350366  0.0035631
  0.11025194  0.11311766  0.98954076  0.00336432  0.00339045  0.00319991
  0.10676543  0.11411807  0.98954076  0.10683004  0.12346768  0.98919445
  0.98846883  0.98886728  0.98954076  0.98799199  0.00333414  0.10749213
  0.11780727  0.10364874  0.00338692  0.98954076  0.10644168  0.10485023
  0.98733956  0.00337087  0.9899804   0.08403344  0.9883818   0.00364329
  0.98954076  0.10268392  0.10172948  0.10226376  0.09957803  0.11065234
  0.98785383  0.00315069  0.98954117  0.00329254  0.98954076  0.00328758
  0.98846966  0.00361968  0.98954076  0.00345219  0.98952526  0.98954076
  0.98954076  0.00366804  0.98954076  0.00327228  0.00342827  0.98954076
  0.98954076  0.10854734  0.98954117  0.00343971  0.98954076  0.10840585
  0.00343804  0.00341888  0.98863721  0.10072693  0.98954076  0.00366981
  0.0033411   0.98954076  0.003652    0.98954076  0.98666757  0.98877752
  0.0033664   0.00313434  0.11933362  0.00363518  0.11884864  0.98954076
  0.00332738  0.00351068  0.10085748  0.00348474  0.00334241  0.98745775
  0.10024757  0.00324476  0.98954076  0.00338059  0.00352241  0.09981916
  0.10130285  0.98954117  0.00358584  0.00360938  0.98911995  0.98954076
  0.00336413  0.11022691  0.98954076  0.98770547  0.09918768  0.98763686
  0.98904461  0.98868924]
DEV acc 0.6640625
[ 0.98865807  0.00362347  0.09261364  0.12362192  0.00351576  0.10761017
  0.11011331  0.98954076  0.00365979  0.1102182   0.98938096  0.00367287
  0.10306285  0.98954076  0.00341583  0.11123635  0.10378034  0.988383
  0.98853505  0.98946387  0.12730196  0.98853999  0.00373153  0.98900026
  0.00347621  0.98954076  0.0986994   0.10437771  0.98902565  0.00363747
  0.11134773  0.9877488   0.98954076  0.11791743  0.98954076  0.00345273
  0.09805802  0.00341233  0.1048879   0.12144727  0.98845202  0.00492904
  0.00373077  0.11914674  0.00371664  0.00399246  0.00323764  0.98844415
  0.10046802  0.00378836  0.10243145  0.00349073  0.13787499  0.11099073
  0.98954076  0.98879683  0.9875561   0.98954076  0.98935515  0.98954076
  0.00334472  0.98954076  0.00343229  0.00334669  0.11400089  0.11262682
  0.00362012  0.00350723  0.00343866  0.00368124  0.98807567  0.00359662
  0.10785852  0.98909372  0.98776275  0.11472066  0.98813498  0.00336674
  0.98954076  0.00371443  0.98954076  0.98954076  0.00333788  0.11851808
  0.0035406   0.00361659  0.13879414  0.0032389   0.00346564  0.10041757
  0.98844796  0.00321055  0.98954076  0.12092256  0.10467881  0.10765901
  0.10229526  0.98954076  0.00369339  0.98877573  0.98954076  0.00336729
  0.98954076  0.11468931  0.98954076  0.11077097  0.98954076  0.98954076
  0.98773432  0.98806214  0.11236909  0.00395639  0.98878551  0.10880663
  0.00346485  0.09324879  0.98836291  0.00362766  0.11800768  0.10430766
  0.98888451  0.11684264  0.00335713  0.00372379  0.00343361  0.98784381
  0.00378229  0.10215606]
DEV acc 0.734375
[ 0.98954076  0.00359263  0.98954076  0.11282749  0.10490674  0.09669427
  0.11542808  0.10904526  0.98840874  0.98822236  0.11429379  0.98954076
  0.10141925  0.00340866  0.98954076  0.11375506  0.98954076  0.98954076
  0.00331385  0.98954076  0.98831719  0.10210166  0.98954076  0.10077892
  0.98829013  0.10418633  0.98738045  0.0036969   0.00337165  0.98954076
  0.12087905  0.00340144  0.98954076  0.10448944  0.10580125  0.1087046
  0.00343389  0.98908925  0.10413436  0.98954076  0.98891234  0.10503712
  0.00336938  0.98954076  0.15147543  0.10269384  0.00368803  0.98848689
  0.98954076  0.10731626  0.98954076  0.10433856  0.98954076  0.98954076
  0.98750263  0.9874711   0.11956844  0.98954076  0.00318752  0.11651527
  0.00338313  0.00323243  0.00373677  0.9885841   0.13144724  0.00368193
  0.00379479  0.12335239  0.12173611  0.98818004  0.98827994  0.98830569
  0.00366541  0.98954076  0.00331186  0.98954076  0.9874472   0.00355157
  0.98954076  0.10498392  0.98954076  0.98954076  0.12151151  0.00350224
  0.10897883  0.0040124   0.0035006   0.98954076  0.00379031  0.00325708
  0.00364536  0.11834257  0.09810078  0.00331318  0.10375225  0.98937935
  0.98952526  0.10757268  0.13111407  0.98851824  0.00391417  0.11917888
  0.98954117  0.98954076  0.00343951  0.11226551  0.98954076  0.98879379
  0.98811883  0.10172948  0.98859209  0.98954076  0.00381748  0.98954076
  0.10328348  0.10957387  0.00332492  0.00339927  0.10496683  0.98954076
  0.10368491  0.98776716  0.10716791  0.09998162  0.00369452  0.116065
  0.10141425  0.10397956]
DEV acc 0.6875
[ 0.00352017  0.98878509  0.10725978  0.00364176  0.1186389   0.98758626
  0.00354817  0.09558755  0.00362012  0.13614558  0.11449849  0.98954076
  0.11794234  0.00419842  0.98954076  0.9870311   0.9869839   0.00341888
  0.00328426  0.98954076  0.98954076  0.11747428  0.11310466  0.0034281
  0.11593931  0.00372481  0.10655318  0.98601943  0.98954076  0.98954076
  0.10868528  0.98872304  0.98954076  0.10871189  0.11616042  0.98954076
  0.1287152   0.00358311  0.09244168  0.1178002   0.98954076  0.10867482
  0.98764485  0.00371643  0.98877686  0.00344646  0.98881269  0.98842132
  0.00328068  0.0034258   0.00327637  0.98954076  0.98954076  0.98772275
  0.11745772  0.00334507  0.10650001  0.98954076  0.11130653  0.00353873
  0.00336377  0.00345622  0.10620376  0.00396553  0.1128886   0.00335906
  0.98954076  0.98954076  0.98954076  0.98848242  0.98886794  0.1166079
  0.1037102   0.108931    0.00347062  0.10727675  0.10184845  0.00326436
  0.9887296   0.11737312  0.0034209   0.98954076  0.00333382  0.98700953
  0.98819214  0.98792863  0.98954076  0.98819399  0.00362202  0.13439713
  0.98954076  0.00331721  0.98954076  0.12930529  0.00321878  0.98954076
  0.98876357  0.00332666  0.00379802  0.98904622  0.98788965  0.00361302
  0.98954076  0.10516929  0.00333331  0.0955779   0.00335186  0.00344009
  0.00341659  0.0035093   0.00345903  0.1106663   0.98954076  0.98954076
  0.00342698  0.11489628  0.00326533  0.00338029  0.00369094  0.12499759
  0.1146682   0.1005232   0.9880138   0.00396856  0.98852241  0.00357769
  0.10496721  0.00338967]
DEV acc 0.71875
[ 0.00342553  0.9873209   0.98954076  0.98954076  0.98919016  0.98954076
  0.00346721  0.11318873  0.98954117  0.98652846  0.98771423  0.09988324
  0.11086722  0.10695449  0.98794836  0.98954076  0.00351125  0.1078515
  0.09839765  0.98954076  0.00361612  0.12029151  0.98954076  0.10630691
  0.11289974  0.0033848   0.98954076  0.98885727  0.00337578  0.00325502
  0.00332423  0.1106649   0.98954076  0.11696795  0.98954076  0.00339806
  0.00372881  0.00362365  0.11770326  0.14147916  0.11573097  0.00380396
  0.00333136  0.00363719  0.00339942  0.98954076  0.12413285  0.11288031
  0.00372696  0.00335645  0.00379802  0.12261464  0.98954076  0.11726484
  0.98954076  0.00344392  0.98788887  0.10652104  0.09860124  0.98954076
  0.10182964  0.1084995   0.98954076  0.11250835  0.00371853  0.98783219
  0.00340472  0.10550643  0.00337799  0.1125026   0.00331381  0.98954076
  0.00340563  0.98834306  0.10779671  0.09559616  0.00370927  0.0035615
  0.98954076  0.10448867  0.10930932  0.98814106  0.00346498  0.00339365
  0.00318314  0.00334071  0.98858094  0.98952526  0.98844188  0.00353985
  0.00353478  0.10199133  0.98868495  0.98954076  0.11927869  0.98824811
  0.98744321  0.10803664  0.11988328  0.98954117  0.98954076  0.10634731
  0.00348709  0.98887885  0.10145714  0.98729676  0.00346735  0.00362739
  0.00369976  0.00352051  0.98954076  0.12132753  0.00342923  0.00357769
  0.00361658  0.10833048  0.00324062  0.00347917  0.09499788  0.12140187
  0.98818558  0.10127425  0.10453322  0.00338899  0.98954076  0.98842305
  0.00349482  0.13056727]
DEV acc 0.6484375
[ 0.98954076  0.98771834  0.00340253  0.1248344   0.12810136  0.10141925
  0.10188862  0.00342412  0.00359706  0.00373792  0.11775101  0.00322452
  0.11421168  0.13899828  0.1091444   0.10943671  0.10445857  0.00355673
  0.10404775  0.98954076  0.11041688  0.98823529  0.98908418  0.11707859
  0.11085881  0.00318384  0.00348229  0.00358331  0.10705063  0.00364385
  0.10395407  0.11755247  0.00345694  0.00342142  0.12286299  0.12253724
  0.98954076  0.98745871  0.98954076  0.00327775  0.09741432  0.98954076
  0.10316139  0.11698616  0.98736924  0.9881897   0.00371938  0.98844355
  0.00389246  0.0041871   0.12212931  0.10348304  0.98848623  0.12286089
  0.00334731  0.98954076  0.00348287  0.09612964  0.11890589  0.98835278
  0.00334552  0.00331469  0.00332131  0.1118573   0.0038898 ]
DEV acc 0.553846180439
0.00358401890844
0.00337860011496
0.989540755749
0.00374289695174
0.989540755749
0.115032963455
0.00362987280823
0.987528681755
0.0968973264098
0.102062128484
0.00383528810926
0.0990699976683
0.0032323426567
0.987718999386
0.154666170478
0.989540755749
0.00326442345977
0.989525258541
0.133411794901
0.105886556208
0.989540755749
0.138012692332
0.00362414005212
0.989540755749
0.00318733998574
0.122262537479
0.134369194508
0.989540755749
0.987962663174
0.0989039465785
0.989540755749
0.989525258541
0.109610050917
0.00336884101853
0.989540755749
0.123919658363
0.102797277272
0.00376759143546
0.119593784213
0.989540755749
0.00323807704262
0.989261567593
0.989540755749
0.9874984622
0.00321230618283
0.10148075223
0.00336622423492
0.00321135763079
0.110431961715
0.110251940787
0.989540755749
0.989525258541
0.988017678261
0.101515412331
0.00332773732953
0.989540755749
0.102594107389
0.988755762577
0.987882018089
0.00334685342386
0.116927370429
0.988958716393
0.103135593235
0.109567128122
0.988734126091
0.00335699156858
0.988629221916
0.0993934571743
0.98868650198
0.00360396783799
0.00352140888572
0.00343419238925
0.989540755749
0.989540755749
0.00336809386499
0.116511687636
0.0968973264098
0.00335268862545
0.00364157510921
0.987892627716
0.100940443575
0.989540755749
0.989390671253
0.106203764677
0.107042334974
0.00328946160153
0.988822877407
0.108446516097
0.989540755749
0.125242337584
0.989018201828
0.114281371236
0.106137655675
0.115424402058
0.128825411201
0.105946101248
0.106733620167
0.114471487701
0.988500595093
0.114344328642
0.989540755749
0.989540755749
0.00318748736754
0.00359570188448
0.00332489586435
0.111828669906
0.0035601623822
0.989540755749
0.00334301451221
0.128741949797
0.104577697814
0.0034076012671
0.989540755749
0.989540755749
0.989540755749
0.113218851388
0.989540755749
0.00360159901902
0.128820508718
0.988781690598
0.108506210148
0.00370142539032
0.101932801306
0.103591322899
0.135014489293
0.00374255771749
0.112992703915
0.989540755749
0.00364950438961
0.00355551019311
0.989540755749
0.00337617122568
0.105037122965
0.00332895573229
0.00327558023855
0.0984349027276
0.00327027216554
0.00375651242211
0.111998409033
0.00337702338584
0.989540755749
0.989540755749
0.988267838955
0.989540755749
0.988551855087
0.123852409422
0.115064375103
0.11709523946
0.989540755749
0.134210929275
0.00344928610139
0.00359014351852
0.00340327620506
0.00355193740688
0.989540755749
0.116287522018
0.989540755749
0.00319327879697
0.989382982254
0.989540755749
0.989540755749
0.107701458037
0.00357891409658
0.10923024267
0.989154040813
0.989541172981
0.989525258541
0.98794144392
0.988204598427
0.98749101162
0.115345694125
0.988207638264
0.00337354489602
0.00357415340841
0.988622009754
0.00332606816664
0.105851665139
0.0034514751751
0.107557103038
0.118308439851
0.00340910744853
0.0961707830429
0.119452551007
0.00345646892674
0.00347298779525
0.988831222057
0.102260045707
0.00357946753502
0.113688781857
0.00357609055936
0.0033171409741
0.115597009659
0.00358262215741
0.0977868884802
0.106084011495
0.00337345525622
0.131468310952
0.00348837277852
0.989540755749
0.00379529851489
0.9871494174
0.98816460371
0.1119261235
0.00328537239693
0.00341886165552
0.989540755749
0.116546265781
0.989540755749
0.00368968350813
0.117903202772
0.0034460616298
0.989540755749
0.00356288161129
0.988829314709
0.104346454144
0.124110870063
0.11572573334
0.104478344321
0.988170325756
0.989540755749
0.00355993816629
0.00376192992553
0.123254977167
0.0984169468284
0.989215373993
0.0033977823332
0.987778365612
0.10390624404
0.116044618189
0.989540755749
0.118216022849
0.989540755749
0.112952075899
0.00320710218512
0.987944126129
0.989540755749
0.989540755749
0.121236473322
0.114353992045
0.987974226475
0.988675355911
0.989540755749
0.116629607975
0.124011799693
0.129529044032
0.111730791628
0.00332764489576
0.989123523235
0.989540755749
0.00335303787142
0.003495241981
0.0033526760526
0.12217926234
0.106561817229
0.00341005180962
0.00335481227376
0.0034241208341
0.10216254741
0.989540755749
0.989244401455
0.10421089083
0.106422670186
0.989540755749
0.104401566088
0.125537589192
0.0033027487807
0.115531802177
0.00343944318593
0.102029874921
0.00360937602818
0.986898481846
0.00394485890865
0.106494754553
0.00341612333432
0.107951812446
0.106647081673
0.116231501102
0.988461077213
0.00324364891276
0.00359254004434
0.00362179288641
0.109893806279
0.989540755749
0.989540755749
0.0997958704829
0.1131914258
0.00332773732953
0.989264428616
0.00351173453964
0.00346991978586
0.003389994381
0.989540755749
0.0956822037697
0.00324387452565
0.989540755749
0.110645078123
0.00355039932765
0.989323914051
0.00349162938073
0.00343533232808
0.0946999415755
0.105801254511
0.00360378390178
0.112468846142
0.00382335553877
0.988434791565
0.988751173019
0.00359868002124
0.989540755749
0.00349254161119
0.00329856248572
0.00333686405793
0.115147165954
0.110797867179
0.00333547103219
0.00354840350337
0.00347287533805
0.00353865534998
0.116767190397
0.0995911210775
0.00338532985188
0.00322265806608
0.00318744499236
0.988067150116
0.00354813528247
0.989540755749
0.10085748136
0.00338844675571
0.989540755749
0.988261580467
0.988281667233
0.122091650963
0.00328575773165
0.98795747757
0.987725436687
0.988837659359
0.120445996523
0.128516644239
0.0031909563113
0.00364957633428
0.00322107877582
0.989540755749
0.989540755749
0.102661132812
0.00347922323272
0.989540755749
0.989540755749
0.00334120704792
0.106866523623
0.0033276269678
0.10046415776
0.989540755749
0.00337899732403
0.121035337448
0.102792479098
0.989540755749
0.988438367844
0.120047397912
0.117800198495
0.120747663081
0.988133907318
0.123578615487
0.00365343783051
0.00375124299899
0.106762111187
0.988611280918
0.00330005120486
0.0994067266583
0.12197843194
0.00342981377617
0.989540755749
0.989540755749
0.988705396652
0.112996473908
0.116842642426
0.989540755749
0.121487632394
0.988448441029
0.00368845742196
0.0995990112424
0.988894760609
0.988145709038
0.987176299095
0.989540755749
0.118486605585
0.989540755749
0.00335274450481
0.989540755749
0.00336611946113
0.12811537087
0.132356017828
0.00364695163444
0.00344372889958
0.00318384217098
0.00351343280636
0.102977603674
0.988237738609
0.988642573357
0.0035977945663
0.989541172981
0.987933576107
0.0031876238063
0.0967494919896
0.987774789333
0.988310158253
0.104221202433
0.00350366253406
0.00356309558265
0.110251940787
0.113117657602
0.989540755749
0.0033643161878
0.00339044630527
0.00319990562275
0.106765426695
0.11411806941
0.989540755749
0.10683003813
0.123467683792
0.989194452763
0.988468825817
0.988867282867
0.989540755749
0.987991988659
0.00333413714543
0.107492133975
0.117807269096
0.103648744524
0.00338692264631
0.989540755749
0.106441676617
0.104850225151
0.987339556217
0.00337086827494
0.989980399609
0.0840334445238
0.988381803036
0.00364328944124
0.989540755749
0.102683916688
0.101729482412
0.102263756096
0.0995780304074
0.110652342439
0.987853825092
0.00315068755299
0.989541172981
0.00329253985547
0.989540755749
0.00328758475371
0.988469660282
0.00361968320794
0.989540755749
0.00345218973234
0.989525258541
0.989540755749
0.989540755749
0.00366804469377
0.989540755749
0.00327227567323
0.00342827383429
0.989540755749
0.989540755749
0.108547337353
0.989541172981
0.00343970977701
0.989540755749
0.108405850828
0.00343803875148
0.00341888237745
0.988637208939
0.100726932287
0.989540755749
0.00366981280968
0.00334110041149
0.989540755749
0.00365199707448
0.989540755749
0.986667573452
0.988777518272
0.00336640351452
0.00313434144482
0.119333617389
0.00363517738879
0.118848644197
0.989540755749
0.00332738365978
0.00351068214513
0.10085748136
0.00348474341445
0.00334240775555
0.987457752228
0.100247569382
0.00324475904927
0.989540755749
0.00338058779016
0.00352241378278
0.0998191609979
0.101302854717
0.989541172981
0.00358583708294
0.00360937602818
0.989119946957
0.989540755749
0.00336412829347
0.110226914287
0.989540755749
0.987705469131
0.0991876795888
0.987636864185
0.989044606686
0.988689243793
0.988658070564
0.00362346880138
0.0926136448979
0.123621918261
0.00351575622335
0.107610166073
0.110113307834
0.989540755749
0.00365979387425
0.110218197107
0.989380955696
0.00367286591791
0.103062845767
0.989540755749
0.00341583089903
0.111236348748
0.103780344129
0.988382995129
0.988535046577
0.989463865757
0.127301961184
0.988539993763
0.00373153295368
0.98900026083
0.0034762066789
0.989540755749
0.0986993983388
0.104377709329
0.989025652409
0.00363747379743
0.111347727478
0.987748801708
0.989540755749
0.117917433381
0.989540755749
0.00345273455605
0.0980580225587
0.00341233261861
0.104887895286
0.121447272599
0.988452017307
0.0049290433526
0.00373076694086
0.119146741927
0.0037166394759
0.0039924569428
0.00323764188215
0.988444149494
0.100468024611
0.00378835713491
0.102431446314
0.00349073042162
0.137874990702
0.110990732908
0.989540755749
0.988796830177
0.987556099892
0.989540755749
0.989355146885
0.989540755749
0.003344720928
0.989540755749
0.0034322948195
0.00334669114091
0.114000886679
0.112626820803
0.00362012302503
0.00350723485462
0.00343865598552
0.0036812426988
0.98807567358
0.00359661737457
0.107858516276
0.989093720913
0.987762749195
0.114720657468
0.988134980202
0.00336673972197
0.989540755749
0.00371443410404
0.989540755749
0.989540755749
0.00333788432181
0.118518076837
0.00354059645906
0.00361658912152
0.138794139028
0.0032389042899
0.00346563896164
0.10041756928
0.988447964191
0.00321054970846
0.989540755749
0.12092255801
0.104678809643
0.107659012079
0.102295257151
0.989540755749
0.00369338854216
0.988775730133
0.989540755749
0.00336729129776
0.989540755749
0.114689305425
0.989540755749
0.110770970583
0.989540755749
0.989540755749
0.98773431778
0.988062143326
0.112369090319
0.00395638961345
0.988785505295
0.108806625009
0.0034648461733
0.0932487919927
0.988362908363
0.00362766114995
0.118007682264
0.10430765897
0.98888450861
0.116842642426
0.00335712684318
0.00372378993779
0.0034336054232
0.987843811512
0.00378228514455
0.102156057954
0.989540755749
0.00359262991697
0.989540755749
0.11282748729
0.104906737804
0.0966942682862
0.115428075194
0.109045259655
0.988408744335
0.988222360611
0.114293791354
0.989540755749
0.101419247687
0.00340866087936
0.989540755749
0.113755062222
0.989540755749
0.989540755749
0.00331384688616
0.989540755749
0.988317191601
0.102101661265
0.989540755749
0.100778922439
0.988290131092
0.104186326265
0.987380445004
0.0036969021894
0.00337164965458
0.989540755749
0.120879046619
0.00340143684298
0.989540755749
0.104489438236
0.105801254511
0.108704596758
0.00343389390036
0.989089250565
0.104134358466
0.989540755749
0.988912343979
0.105037122965
0.00336938421242
0.989540755749
0.151475429535
0.102693840861
0.00368802761659
0.988486886024
0.989540755749
0.107316255569
0.989540755749
0.104338563979
0.989540755749
0.989540755749
0.987502634525
0.987471103668
0.119568437338
0.989540755749
0.00318752462044
0.116515271366
0.00338312936947
0.00323242507875
0.00373677304015
0.9885841012
0.13144724071
0.00368192791939
0.00379478628747
0.123352386057
0.121736109257
0.988180041313
0.988279938698
0.988305687904
0.00366541184485
0.989540755749
0.00331185944378
0.989540755749
0.987447202206
0.00355156860314
0.989540755749
0.104983918369
0.989540755749
0.989540755749
0.121511511505
0.0035022420343
0.108978830278
0.00401239935309
0.00350060034543
0.989540755749
0.00379030988552
0.00325708044693
0.00364536279812
0.118342570961
0.0981007814407
0.00331318401732
0.103752247989
0.989379346371
0.989525258541
0.107572682202
0.131114065647
0.988518238068
0.00391416996717
0.119178876281
0.989541172981
0.989540755749
0.00343951466493
0.112265512347
0.989540755749
0.98879379034
0.988118827343
0.101729482412
0.988592088223
0.989540755749
0.00381748005748
0.989540755749
0.10328347981
0.109573870897
0.00332491728477
0.00339926593006
0.104966826737
0.989540755749
0.103684909642
0.987767159939
0.10716791451
0.0999816209078
0.00369452079758
0.116065002978
0.101414248347
0.103979557753
0.00352017278783
0.988785088062
0.107259780169
0.0036417611409
0.118638895452
0.987586259842
0.00354817090556
0.0955875515938
0.00362012302503
0.136145576835
0.114498488605
0.989540755749
0.117942340672
0.0041984198615
0.989540755749
0.98703110218
0.986983895302
0.00341888284311
0.00328426039778
0.989540755749
0.989540755749
0.117474280298
0.113104663789
0.00342810130678
0.115939311683
0.00372481206432
0.106553182006
0.986019432545
0.989540755749
0.989540755749
0.108685277402
0.988723039627
0.989540755749
0.108711890876
0.116160422564
0.989540755749
0.128715202212
0.00358311296441
0.0924416780472
0.117800198495
0.989540755749
0.108674816787
0.987644851208
0.00371643039398
0.988776862621
0.00344645581208
0.988812685013
0.988421320915
0.00328067992814
0.00342579511926
0.00327637209557
0.989540755749
0.989540755749
0.987722754478
0.117457717657
0.00334506900981
0.106500007212
0.989540755749
0.111306533217
0.00353873427957
0.00336377136409
0.00345622212626
0.106203764677
0.00396552542225
0.112888604403
0.00335905957036
0.989540755749
0.989540755749
0.989540755749
0.988482415676
0.988867938519
0.116607896984
0.103710196912
0.10893099755
0.00347061501816
0.107276745141
0.101848453283
0.00326436245814
0.988729596138
0.117373123765
0.00342089892365
0.989540755749
0.00333382491954
0.987009525299
0.988192141056
0.987928628922
0.989540755749
0.9881939888
0.00362201640382
0.134397134185
0.989540755749
0.00331721245311
0.989540755749
0.129305288196
0.00321877887473
0.989540755749
0.988763570786
0.00332665722817
0.00379801657982
0.989046216011
0.987889647484
0.00361301726662
0.989540755749
0.105169288814
0.0033333057072
0.0955778956413
0.00335186044686
0.00344008789398
0.0034165896941
0.00350930192508
0.00345903402194
0.110666304827
0.989540755749
0.989540755749
0.00342698441818
0.114896275103
0.00326533173211
0.00338028999977
0.0036909407936
0.124997586012
0.11466819793
0.100523203611
0.988013803959
0.00396856153384
0.988522410393
0.00357768731192
0.104967214167
0.00338966934942
0.00342552689835
0.987320899963
0.989540755749
0.989540755749
0.989190161228
0.989540755749
0.00346720661037
0.11318872869
0.989541172981
0.986528456211
0.987714231014
0.099883235991
0.110867217183
0.106954485178
0.987948358059
0.989540755749
0.00351124769077
0.107851497829
0.0983976498246
0.989540755749
0.00361612346023
0.120291508734
0.989540755749
0.106306910515
0.112899743021
0.00338480016217
0.989540755749
0.988857269287
0.00337577983737
0.00325502455235
0.00332423090003
0.110664896667
0.989540755749
0.116967946291
0.989540755749
0.00339805823751
0.00372881465591
0.00362364668399
0.117703258991
0.141479164362
0.115730971098
0.00380396051332
0.0033313636668
0.00363718578592
0.0033994235564
0.989540755749
0.124132849276
0.112880311906
0.00372695690021
0.00335645186715
0.00379801657982
0.122614637017
0.989540755749
0.117264837027
0.989540755749
0.0034439205192
0.987888872623
0.106521040201
0.0986012369394
0.989540755749
0.101829640567
0.108499497175
0.989540755749
0.112508349121
0.00371853075922
0.987832188606
0.00340471719392
0.105506427586
0.00337798544206
0.112502597272
0.00331380730495
0.989540755749
0.00340562942438
0.988343060017
0.107796706259
0.095596164465
0.00370927341282
0.00356150092557
0.989540755749
0.104488670826
0.109309315681
0.988141059875
0.00346498074941
0.00339365145192
0.00318313878961
0.00334071251564
0.988580942154
0.989525258541
0.988441884518
0.0035398453474
0.00353477965109
0.101991325617
0.988684952259
0.989540755749
0.119278691709
0.988248109818
0.987443208694
0.108036644757
0.119883276522
0.989541172981
0.989540755749
0.106347307563
0.00348709244281
0.988878846169
0.10145714134
0.987296760082
0.00346735026687
0.00362739246339
0.00369976065122
0.00352050946094
0.989540755749
0.121327526867
0.0034292335622
0.00357768731192
0.00361658073962
0.108330480754
0.00324062467553
0.00347916781902
0.0949978753924
0.121401868761
0.988185584545
0.101274251938
0.104533217847
0.00338899274357
0.989540755749
0.98842304945
0.0034948179964
0.130567267537
0.989540755749
0.987718343735
0.00340252672322
0.124834395945
0.128101363778
0.101419247687
0.101888619363
0.00342411547899
0.00359705649316
0.0037379169371
0.117751009762
0.0032245174516
0.114211678505
0.138998284936
0.109144404531
0.109436713159
0.10445857048
0.00355673022568
0.104047752917
0.989540755749
0.11041688174
0.988235294819
0.98908418417
0.117078594863
0.110858805478
0.00318384217098
0.00348228681833
0.00358331459574
0.107050634921
0.00364384800196
0.103954069316
0.117552474141
0.00345694064163
0.00342142162845
0.122862994671
0.122537240386
0.989540755749
0.987458705902
0.989540755749
0.00327775278129
0.0974143221974
0.989540755749
0.103161387146
0.11698615551
0.98736923933
0.988189697266
0.00371937942691
0.988443553448
0.00389246293344
0.00418709916994
0.122129306197
0.10348303616
0.988486230373
0.122860893607
0.00334731279872
0.989540755749
0.00348287285306
0.0961296409369
0.118905887008
0.988352775574
0.00334552046843
0.00331469089724
0.0033213084098
0.111857295036
0.0038897965569
Accuracy: 0.678604
