
Parameters:
ALLOW_SOFT_PLACEMENT=True
BATCH_SIZE=64
CHECKPOINT_DIR=
EVAL_FILEPATH=validation.txt0
LOG_DEVICE_PLACEMENT=False
MODEL=runs/1532804380/checkpoints/model-1000
VOCAB_FILEPATH=runs/1532804380/checkpoints/vocab

Loading testing/labelled data from validation.txt0
46

Evaluating...

runs/1532804380/checkpoints/model-1000
[[array([30,  3, 23, 21, 18,  4, 28, 18, 27, 30,  3,  7,  4,  9, 31])
  array([2, 0, 0, 0, 0, 0, 0, 0, 0, 0, 0, 0, 0, 0, 0]) 0]
 [array([24, 18,  8, 17,  3,  4, 24, 18, 27, 30, 23,  8,  7,  4, 26])
  array([2, 0, 0, 0, 0, 0, 0, 0, 0, 0, 0, 0, 0, 0, 0]) 1]
 [array([18, 15,  2,  4, 19, 20,  8,  8,  3, 21,  4, 32, 11, 12,  4])
  array([ 1, 18, 16, 30,  4, 36, 21, 18,  8, 30, 16,  5, 15, 22,  4]) 0]
 ..., 
 [array([ 1,  3, 15, 15, 18,  4, 19, 21,  3,  2,  4, 26, 25, 10, 11])
  array([2, 0, 0, 0, 0, 0, 0, 0, 0, 0, 0, 0, 0, 0, 0]) 0]
 [array([2, 0, 0, 0, 0, 0, 0, 0, 0, 0, 0, 0, 0, 0, 0])
  array([28, 18, 21, 21, 23,  7,  5,  8,  4, 21,  3,  2,  8,  5,  6]) 1]
 [array([27, 18, 24,  3,  4, 15,  5, 22, 22,  7,  4, 25, 37, 11, 12])
  array([2, 0, 0, 0, 0, 0, 0, 0, 0, 0, 0, 0, 0, 0, 0]) 1]]
(1089, 3)
[ 0.50435203  0.481181    0.99492985  0.46220019  0.99085248  0.99031037
  0.50982749  0.48162237  0.99762046  0.53941751  0.4635013   0.53098816
  0.99679315  0.5344736   0.51568532  0.51147223  0.50160664  0.46851256
  0.49654165  0.53463936  0.99762046  0.49033153  0.46123484  0.46086383
  0.55967057  0.51174027  0.48496553  0.49874532  0.99429619  0.46702221
  0.99457312  0.99762046  0.99784422  0.99762046  0.99565405  0.504529
  0.99681693  0.5393281   0.47512817  0.51708162  0.48053268  0.52787226
  0.51292932  0.53589547  0.50998688  0.51857966  0.49156806  0.4987295
  0.99760991  0.51095921  0.99762046  0.99762046  0.99762046  0.48818943
  0.5471648   0.5076924   0.50314754  0.99348491  0.99675709  0.5051322
  0.50897396  0.99762046  0.50734782  0.55165297  0.46823704  0.51940292
  0.99762046  0.46555537  0.99762046  0.5244509   0.99762046  0.9955281
  0.99546474  0.4733623   0.52354932  0.49807337  0.50416714  0.99762046
  0.52409363  0.98808217  0.47623047  0.48845828  0.99762046  0.50843495
  0.5009253   0.48040718  0.99542856  0.99445128  0.99762046  0.50725323
  0.98486161  0.47728458  0.97954935  0.55041677  0.47683212  0.53702092
  0.51050258  0.51881713  0.99762046  0.50119132  0.9948777   0.99253464
  0.84485316  0.50697488  0.48964345  0.56543636  0.49586505  0.99762046
  0.99762046  0.53581345  0.49947396  0.99312443  0.5215078   0.48883346
  0.48149881  0.99762046  0.98222297  0.52096361  0.52749324  0.50965309
  0.99762046  0.50720656  0.46777704  0.99645555  0.47413227  0.5157336
  0.50961912  0.4978399 ]
DEV acc 0.640625
[ 0.51152867  0.50189996  0.99556357  0.49747998  0.5160296   0.99763101
  0.51758796  0.49859101  0.51686567  0.98950255  0.40224028  0.50234467
  0.47509709  0.52342683  0.49344745  0.98834115  0.96638304  0.52797878
  0.99762046  0.55073923  0.99762046  0.99762046  0.47980008  0.99585897
  0.99572957  0.51980466  0.94371927  0.49576879  0.40169603  0.4932003
  0.99567461  0.5071876   0.99762046  0.49894246  0.49907506  0.48324087
  0.99762046  0.99640745  0.99167579  0.48563957  0.47475684  0.47625011
  0.52922028  0.521909    0.50281215  0.53267014  0.48046276  0.5386318
  0.43583405  0.57644367  0.52980858  0.50743282  0.55825102  0.4646962
  0.50060344  0.99599981  0.43231735  0.51198691  0.9915483   0.5019471
  0.49731338  0.99762046  0.49028781  0.50401634  0.47597414  0.51961797
  0.49133441  0.54827195  0.55421096  0.99762046  0.99489027  0.49309784
  0.99762046  0.39241099  0.50297755  0.5067001   0.99762046  0.99762046
  0.49738529  0.99762046  0.50895464  0.48477268  0.49111104  0.99762046
  0.99055392  0.49333897  0.46432626  0.62939805  0.50395417  0.99067646
  0.51306969  0.51536721  0.44266304  0.48617628  0.5294432   0.50038868
  0.99762046  0.48410726  0.99424559  0.99438089  0.99296343  0.98389769
  0.47814262  0.99762046  0.99762046  0.55109477  0.99706507  0.49370643
  0.52477968  0.49411005  0.51299387  0.49837065  0.99762046  0.5077638
  0.41457832  0.53657633  0.49584636  0.49939963  0.54947585  0.99798572
  0.46504584  0.51311785  0.52221638  0.52099198  0.47994238  0.99762046
  0.52464741  0.5095439 ]
DEV acc 0.5546875
[ 0.52966863  0.52408701  0.52666086  0.99762046  0.48319373  0.99762046
  0.48387015  0.98745316  0.45326284  0.47842193  0.50780702  0.47900248
  0.52287179  0.99762046  0.98304534  0.99762046  0.99701685  0.50693756
  0.99416435  0.50150269  0.50048554  0.9815284   0.48820651  0.51570988
  0.4855288   0.48847163  0.99318862  0.46161294  0.46730319  0.51309854
  0.47509873  0.46627882  0.50015873  0.52884948  0.51645845  0.98573411
  0.99763101  0.99762046  0.99762046  0.47065672  0.55178815  0.99762046
  0.99593216  0.51124018  0.50366068  0.99613827  0.5019471   0.98918766
  0.51493108  0.49928766  0.47924268  0.99762046  0.99762046  0.52641606
  0.51157379  0.57392979  0.99762046  0.48057133  0.5069629   0.99762046
  0.50031745  0.53858668  0.99762046  0.49635524  0.51052541  0.99762046
  0.49509358  0.99762046  0.46668464  0.99762046  0.5079453   0.5227688
  0.49895233  0.99762046  0.99086404  0.49243727  0.52731353  0.99762046
  0.99792886  0.4813391   0.50754201  0.43231735  0.52430868  0.52448362
  0.48125139  0.55105704  0.98711789  0.48540643  0.41885874  0.99762046
  0.99682122  0.49701011  0.49928406  0.51533216  0.99429369  0.48177251
  0.43863842  0.4900426   0.99762046  0.52191734  0.43974382  0.99043041
  0.98030519  0.9950881   0.99763101  0.47883356  0.51468337  0.43208444
  0.48733339  0.51479131  0.99762046  0.99762046  0.509642    0.99762046
  0.51082444  0.99762046  0.50055575  0.51803428  0.50919813  0.9980278
  0.57054055  0.42697257  0.47393841  0.49663898  0.99762046  0.99762046
  0.51698822  0.99626231]
DEV acc 0.6328125
[ 0.99762046  0.49458206  0.48698977  0.50149977  0.62675899  0.49054524
  0.49837607  0.48280558  0.52627504  0.50183421  0.99762046  0.52891469
  0.5596962   0.99762046  0.50122643  0.98230886  0.474821    0.99762046
  0.99762046  0.47619694  0.56157708  0.52354932  0.48402405  0.49662957
  0.99528986  0.48939043  0.48464605  0.52821952  0.51090181  0.50323951
  0.53834969  0.99762046  0.50065452  0.99762046  0.5303722   0.48491648
  0.99631661  0.47817349  0.9930796   0.99747062  0.47356904  0.51332372
  0.99496984  0.51740819  0.47407031  0.50092328  0.50108176  0.50154388
  0.99762046  0.49611846  0.99142063  0.99755257  0.99762046  0.53436738
  0.99784994  0.49162298  0.51716983  0.53592956  0.51087433  0.47710827
  0.51905179  0.50083208  0.48244736  0.5306946   0.45603633  0.50815243
  0.99760991  0.99762046  0.98645616  0.49149591  0.52623963  0.4860684
  0.51047748  0.42377102  0.49018711  0.99762046  0.58565867  0.55118793
  0.97774148  0.47043252  0.54943144  0.47861436  0.97661471  0.99762046
  0.56358737  0.50775474  0.99687195  0.53051525  0.9954617   0.47094074
  0.99422157  0.50285751  0.99638057  0.99762046  0.51935768  0.49780667
  0.53067315  0.51683706  0.96057814  0.50021285  0.66068459  0.54918242
  0.4840399   0.4978399   0.5079453   0.98876816  0.53103435  0.49289054
  0.47119829  0.48824152  0.53244728  0.52203947  0.41371664  0.5343197
  0.52233893  0.99763101  0.48772663  0.42421585  0.51970428  0.49473378
  0.99762046  0.52833521  0.99762046  0.99762046  0.46443343  0.50647885
  0.40857574  0.99223757]
DEV acc 0.625
[ 0.41757375  0.99762046  0.53017217  0.49322006  0.99507511  0.50403142
  0.53816396  0.99766356  0.51094323  0.49192044  0.48859552  0.54804176
  0.48860961  0.47654492  0.99762046  0.48396316  0.99470627  0.47913072
  0.99762046  0.99762046  0.53818101  0.99614829  0.50783771  0.50232905
  0.54278642  0.98726583  0.49619523  0.49037936  0.9919889   0.52703279
  0.55629086  0.47242653  0.99762046  0.51002938  0.99762046  0.51753646
  0.49541578  0.51251507  0.59130496  0.49461344  0.99762046  0.48138744
  0.99412793  0.50670069  0.41371664  0.99762046  0.54100949  0.99762046
  0.47800216  0.63108784  0.50964433  0.47811905  0.99762046  0.52870142
  0.99542284  0.54201639  0.99762046  0.51143509  0.99762046  0.50896609
  0.50256544  0.46220019  0.99567533  0.48489037  0.47288507  0.4329868
  0.49223983  0.4651756   0.5082469   0.49495089  0.4442665   0.99042606
  0.97441882  0.47863072  0.99407965  0.46683615  0.99763101  0.99762046
  0.99762046  0.47690728  0.9978596   0.99204028  0.51340866  0.51499474
  0.99762046  0.99762046  0.5593245   0.99762046  0.99762046  0.50798202
  0.99762046  0.49136874  0.51294476  0.48275983  0.50088024  0.99575007
  0.52004045  0.51975501  0.50984561  0.99714792  0.99664634  0.50166452
  0.99762046  0.51152879  0.48379782  0.98339671  0.99671012  0.51202422
  0.53067064  0.53744358  0.50492686  0.99762046  0.99165112  0.99418139
  0.56849486  0.99762046  0.99579048  0.4343895   0.49775198  0.50771439
  0.5528301   0.99762046  0.99252856  0.53302032  0.99762046  0.53564191
  0.99626505  0.50433934]
DEV acc 0.6875
[ 0.50418806  0.98546636  0.99424493  0.49627301  0.49312973  0.99762046
  0.52333713  0.50831068  0.5089643   0.50256544  0.47461224  0.99762046
  0.49889037  0.52383375  0.99762046  0.99556535  0.50796252  0.99410021
  0.43389663  0.99762046  0.99219567  0.54111195  0.99434543  0.49733186
  0.98918164  0.48948419  0.99397546  0.99762046  0.98873961  0.52045965
  0.99762046  0.99042106  0.51225996  0.59258395  0.47714058  0.53599876
  0.99762046  0.99762046  0.99762046  0.52205569  0.99762046  0.5195865
  0.49822748  0.48907423  0.50673372  0.99762046  0.49276316  0.99763101
  0.49214646  0.69294751  0.98339546  0.99762046  0.99407214  0.99315763
  0.99347156  0.48142233  0.53594398  0.44189006  0.50035918  0.51829535
  0.53098816  0.53659469  0.98932403  0.50239575  0.50182712  0.48793417
  0.38201419  0.61605144  0.99000323  0.98276675  0.48286524  0.48310998
  0.99762046  0.4805634   0.50077981  0.99762046  0.52296382  0.48804009
  0.99762046  0.52196372  0.99762046  0.5132165   0.48844236  0.49204394
  0.54631931  0.54515731  0.4822973   0.51569152  0.50631112  0.99762046
  0.48041594  0.98793697  0.52206403  0.99762046  0.49754471  0.99762046
  0.46896356  0.4778403   0.52389216  0.47135389  0.5191173   0.51345378
  0.48701733  0.51340789  0.53779131  0.5174728   0.55057406  0.99762046
  0.98947293  0.51716983  0.99015599  0.50587815  0.40450606  0.52533644
  0.49749053  0.99590898  0.48640543  0.48996389  0.97712708  0.98639524
  0.51637149  0.99762046  0.50510627  0.9841063   0.99762046  0.51695794
  0.99640721  0.9773978 ]
DEV acc 0.6875
[ 0.48097122  0.47027764  0.99267811  0.52011138  0.99762046  0.5022279
  0.51847053  0.52261126  0.98519003  0.47665706  0.47651133  0.48958248
  0.50728327  0.51208615  0.99760991  0.99762046  0.48446718  0.50092328
  0.50252545  0.47628012  0.99762046  0.51587462  0.49900669  0.5027715
  0.48576537  0.52311659  0.99603856  0.99762046  0.43633172  0.99762046
  0.48736358  0.52030993  0.99306154  0.52484173  0.51044637  0.99762046
  0.50401229  0.47207114  0.99762046  0.5954932   0.44133756  0.45783696
  0.99270356  0.46740672  0.99575144  0.99762046  0.99676144  0.99762046
  0.48972201  0.99762046  0.47748351  0.50900394  0.54311794  0.48469749
  0.53770977  0.51850259  0.98920971  0.49731526  0.50656235  0.62202787
  0.50127906  0.54480737  0.48859909  0.50878155  0.52816951  0.5176394
  0.99553055  0.47566453  0.48038769  0.99762046  0.99359369  0.51170826
  0.48902532  0.5227688   0.49961576  0.53678095  0.99537343  0.50115985
  0.99762046  0.46440896  0.43804577  0.53756922  0.49896637  0.98288745
  0.43716556  0.99762046  0.51721781  0.99762046  0.50184131  0.43725592
  0.50899106  0.9746424   0.46282235  0.4484798   0.99583781  0.47215188
  0.47123602  0.52859628  0.47025022  0.99762046  0.47834918  0.48548746
  0.99047089  0.99405533  0.43921933  0.99763101  0.52453226  0.46130511
  0.51430571  0.50712085  0.56566507  0.51668805  0.99762046  0.52050459
  0.51408046  0.54010648  0.51491648  0.98584378  0.4952738   0.54898709
  0.99747956  0.49257535  0.48316169  0.47731641  0.98920488  0.48832691
  0.45850435  0.55455983]
DEV acc 0.5625
[ 0.99762046  0.38496828  0.50582957  0.48144326  0.49784681  0.99237758
  0.52658635  0.48097512  0.99763101  0.50976032  0.99172401  0.52600235
  0.99762046  0.50021458  0.5059545   0.99762046  0.52510387  0.4972302
  0.46924305  0.99762046  0.46875331  0.51145977  0.99454522  0.47290847
  0.49732268  0.51713938  0.53041571  0.99762046  0.53385442  0.50616848
  0.99500334  0.5266068   0.52379072  0.48330083  0.51311785  0.48516363
  0.99762046  0.45801198  0.39907432  0.52118605  0.48879671  0.45581231
  0.4786962   0.99762046  0.99762046  0.99762046  0.49387833  0.48430911
  0.99763101  0.50396597  0.4926441   0.99410832  0.99663359  0.51305836
  0.50278926  0.99762046  0.99762046  0.54060388  0.4937714   0.50342488
  0.48212293  0.48934466  0.97577012  0.99613029  0.56264222  0.9893744
  0.98503548  0.47730038  0.50203276  0.99758136  0.53810668  0.97010726
  0.51975113  0.98418021  0.995067    0.50656235  0.4790706   0.51864749
  0.47783637  0.98709911  0.53298521  0.50847954  0.50985485  0.49512562
  0.49845189  0.99799895  0.50505966  0.50000507  0.99762046  0.51255506
  0.99762046  0.51779938  0.47259304  0.51956272  0.48685381  0.49237829
  0.99301702  0.42006689  0.48622406  0.47579342  0.99762046  0.55664927
  0.50053269  0.52724057  0.50198245  0.99762046  0.99762046  0.99188894
  0.46879143  0.43816781  0.98857492  0.99762046  0.99762046  0.53633642
  0.4786962   0.99762046  0.99107027  0.47217005  0.51642054  0.56272185
  0.99370909  0.49279284  0.51447695  0.49540433  0.46436828  0.51573914
  0.53300506  0.99780548]
DEV acc 0.6796875
[ 0.99762046  0.99762046  0.99762046  0.64738494  0.5034104   0.98912734
  0.99500471  0.5272221   0.99762046  0.47117841  0.51049918  0.45814902
  0.55872452  0.56906027  0.99708647  0.5069797   0.46387985  0.47337693
  0.45774966  0.99443829  0.99711156  0.50599694  0.52095586  0.49693167
  0.54150748  0.50158656  0.99676883  0.46264085  0.99762046  0.53253472
  0.9908765   0.99429607  0.46067807  0.50848788  0.5359056   0.52086508
  0.99762046  0.5530839   0.51360136  0.50037223  0.47751826  0.50007349
  0.51927608  0.99604595  0.46183273  0.53406996  0.47858694  0.51881713
  0.47705531  0.54070562  0.99030197  0.4871181   0.43858686  0.52281827
  0.48992312  0.50575882  0.50152379  0.99762046  0.99762046  0.99762046
  0.53399783  0.99451858  0.51597059  0.56369996  0.49475098]
DEV acc 0.646153867245
0.504352033138
0.481180995703
0.994929850101
0.462200194597
0.990852475166
0.990310370922
0.509827494621
0.481622368097
0.997620463371
0.539417505264
0.463501304388
0.530988156796
0.996793150902
0.534473598003
0.515685319901
0.511472225189
0.5016066432
0.468512564898
0.496541649103
0.534639358521
0.997620463371
0.490331530571
0.46123483777
0.460863828659
0.559670567513
0.511740267277
0.484965533018
0.498745322227
0.994296193123
0.46702221036
0.994573116302
0.997620463371
0.997844219208
0.997620463371
0.995654046535
0.504528999329
0.996816933155
0.539328098297
0.475128173828
0.517081618309
0.480532675982
0.527872264385
0.512929320335
0.535895466805
0.509986877441
0.518579661846
0.491568058729
0.498729497194
0.997609913349
0.510959208012
0.997620463371
0.997620463371
0.997620463371
0.488189429045
0.547164797783
0.507692396641
0.503147542477
0.993484914303
0.996757090092
0.505132198334
0.508973956108
0.997620463371
0.507347822189
0.55165296793
0.468237042427
0.5194029212
0.997620463371
0.465555369854
0.997620463371
0.52445089817
0.997620463371
0.995528101921
0.995464742184
0.47336229682
0.523549318314
0.498073369265
0.50416713953
0.997620463371
0.52409362793
0.988082170486
0.476230472326
0.488458275795
0.997620463371
0.508434951305
0.500925302505
0.480407178402
0.995428562164
0.994451284409
0.997620463371
0.507253229618
0.98486161232
0.477284580469
0.979549348354
0.550416767597
0.476832121611
0.537020921707
0.510502576828
0.518817126751
0.997620463371
0.501191318035
0.994877696037
0.992534637451
0.844853162766
0.506974875927
0.489643454552
0.56543636322
0.495865046978
0.997620463371
0.997620463371
0.535813450813
0.499473959208
0.993124425411
0.521507799625
0.488833457232
0.481498807669
0.997620463371
0.9822229743
0.520963609219
0.527493238449
0.509653091431
0.997620463371
0.507206559181
0.467777043581
0.996455550194
0.474132269621
0.515733599663
0.509619116783
0.497839897871
0.511528670788
0.501899957657
0.995563566685
0.497479975224
0.516029596329
0.997631013393
0.517587959766
0.498591005802
0.516865670681
0.989502549171
0.402240276337
0.502344667912
0.475097090006
0.523426830769
0.493447452784
0.988341152668
0.966383039951
0.527978777885
0.997620463371
0.550739228725
0.997620463371
0.997620463371
0.479800075293
0.995858967304
0.99572956562
0.519804656506
0.943719267845
0.495768785477
0.401696026325
0.493200302124
0.995674610138
0.507187604904
0.997620463371
0.49894246459
0.499075055122
0.483240872622
0.997620463371
0.996407449245
0.991675794125
0.485639572144
0.474756836891
0.476250112057
0.529220283031
0.521908998489
0.502812147141
0.532670140266
0.480462759733
0.538631796837
0.435834050179
0.57644367218
0.529808580875
0.507432818413
0.558251023293
0.464696198702
0.500603437424
0.99599981308
0.432317346334
0.511986911297
0.991548299789
0.501947104931
0.497313380241
0.997620463371
0.490287810564
0.504016339779
0.475974142551
0.519617974758
0.491334408522
0.54827195406
0.554210960865
0.997620463371
0.994890272617
0.49309784174
0.997620463371
0.392410993576
0.50297755003
0.506700098515
0.997620463371
0.997620463371
0.497385293245
0.997620463371
0.508954644203
0.48477268219
0.491111040115
0.997620463371
0.990553915501
0.49333897233
0.464326262474
0.629398047924
0.503954172134
0.99067646265
0.513069689274
0.515367209911
0.442663043737
0.486176282167
0.529443204403
0.500388681889
0.997620463371
0.484107255936
0.994245588779
0.994380891323
0.992963433266
0.983897686005
0.478142619133
0.997620463371
0.997620463371
0.551094770432
0.997065067291
0.493706434965
0.524779677391
0.494110047817
0.512993872166
0.49837064743
0.997620463371
0.507763803005
0.414578318596
0.536576330662
0.495846360922
0.499399632215
0.549475848675
0.997985720634
0.465045839548
0.513117849827
0.522216379642
0.52099198103
0.479942381382
0.997620463371
0.524647414684
0.509543895721
0.529668629169
0.524087011814
0.526660859585
0.997620463371
0.483193725348
0.997620463371
0.483870148659
0.98745316267
0.453262835741
0.478421926498
0.507807016373
0.479002475739
0.522871792316
0.997620463371
0.983045339584
0.997620463371
0.997016847134
0.506937563419
0.994164347649
0.501502692699
0.500485539436
0.981528401375
0.488206505775
0.515709877014
0.485528796911
0.488471627235
0.993188619614
0.461612939835
0.467303186655
0.513098537922
0.475098729134
0.46627882123
0.500158727169
0.528849482536
0.516458451748
0.98573410511
0.997631013393
0.997620463371
0.997620463371
0.470656722784
0.551788151264
0.997620463371
0.995932161808
0.511240184307
0.503660678864
0.99613827467
0.501947104931
0.989187657833
0.514931082726
0.49928766489
0.479242682457
0.997620463371
0.997620463371
0.526416063309
0.511573791504
0.573929786682
0.997620463371
0.480571329594
0.506962895393
0.997620463371
0.500317454338
0.538586676121
0.997620463371
0.496355235577
0.510525405407
0.997620463371
0.495093584061
0.997620463371
0.466684639454
0.997620463371
0.507945299149
0.52276879549
0.498952329159
0.997620463371
0.990864038467
0.492437273264
0.527313530445
0.997620463371
0.997928857803
0.481339097023
0.507542014122
0.432317346334
0.524308681488
0.52448362112
0.481251388788
0.551057040691
0.987117886543
0.485406428576
0.418858736753
0.997620463371
0.996821224689
0.497010111809
0.499284058809
0.51533216238
0.994293689728
0.481772512197
0.438638418913
0.490042597055
0.997620463371
0.52191734314
0.439743816853
0.990430414677
0.980305194855
0.995088100433
0.997631013393
0.478833556175
0.514683365822
0.432084441185
0.487333387136
0.514791309834
0.997620463371
0.997620463371
0.509642004967
0.997620463371
0.51082444191
0.997620463371
0.500555753708
0.518034279346
0.509198129177
0.998027801514
0.570540547371
0.426972568035
0.473938405514
0.496638983488
0.997620463371
0.997620463371
0.516988217831
0.996262311935
0.997620463371
0.494582056999
0.486989766359
0.501499772072
0.626758992672
0.490545243025
0.498376071453
0.482805579901
0.526275038719
0.501834213734
0.997620463371
0.528914690018
0.55969619751
0.997620463371
0.501226425171
0.982308864594
0.474821001291
0.997620463371
0.997620463371
0.476196944714
0.56157708168
0.523549318314
0.484024047852
0.496629565954
0.995289862156
0.489390432835
0.484646052122
0.528219521046
0.510901808739
0.503239512444
0.538349688053
0.997620463371
0.500654518604
0.997620463371
0.530372202396
0.484916478395
0.996316611767
0.478173494339
0.993079602718
0.997470617294
0.47356903553
0.51332372427
0.994969844818
0.517408192158
0.474070310593
0.500923275948
0.501081764698
0.501543879509
0.997620463371
0.496118456125
0.99142062664
0.997552573681
0.997620463371
0.534367382526
0.997849941254
0.491622984409
0.517169833183
0.535929560661
0.510874330997
0.47710826993
0.519051790237
0.500832080841
0.482447355986
0.53069460392
0.456036329269
0.508152425289
0.997609913349
0.997620463371
0.986456155777
0.491495907307
0.52623963356
0.48606839776
0.510477483273
0.42377102375
0.490187108517
0.997620463371
0.585658669472
0.551187932491
0.977741479874
0.470432519913
0.549431443214
0.478614360094
0.976614713669
0.997620463371
0.563587367535
0.507754743099
0.996871948242
0.530515253544
0.995461702347
0.470940738916
0.994221568108
0.502857506275
0.996380567551
0.997620463371
0.519357681274
0.497806668282
0.530673146248
0.516837060452
0.960578143597
0.500212848186
0.660684585571
0.549182415009
0.484039902687
0.497839897871
0.507945299149
0.988768160343
0.531034350395
0.492890536785
0.471198290586
0.488241523504
0.5324472785
0.522039473057
0.413716644049
0.534319698811
0.522338926792
0.997631013393
0.48772662878
0.424215853214
0.519704282284
0.494733780622
0.997620463371
0.528335213661
0.997620463371
0.997620463371
0.464433431625
0.506478846073
0.408575743437
0.992237567902
0.417573750019
0.997620463371
0.530172169209
0.493220061064
0.995075106621
0.504031419754
0.53816395998
0.997663557529
0.510943233967
0.491920441389
0.48859551549
0.548041760921
0.488609611988
0.47654491663
0.997620463371
0.483963161707
0.994706273079
0.479130715132
0.997620463371
0.997620463371
0.538181006908
0.99614828825
0.507837712765
0.502329051495
0.542786419392
0.987265825272
0.496195226908
0.490379363298
0.991988897324
0.527032792568
0.556290864944
0.472426533699
0.997620463371
0.510029375553
0.997620463371
0.517536461353
0.495415776968
0.512515068054
0.591304957867
0.494613438845
0.997620463371
0.48138743639
0.994127929211
0.506700694561
0.413716644049
0.997620463371
0.541009485722
0.997620463371
0.478002160788
0.631087839603
0.509644329548
0.478119045496
0.997620463371
0.528701424599
0.995422840118
0.542016386986
0.997620463371
0.511435091496
0.997620463371
0.508966088295
0.502565443516
0.462200194597
0.995675325394
0.484890371561
0.472885072231
0.432986795902
0.492239832878
0.46517559886
0.508246898651
0.494950890541
0.444266498089
0.990426063538
0.974418818951
0.478630721569
0.994079649448
0.466836154461
0.997631013393
0.997620463371
0.997620463371
0.476907283068
0.997859597206
0.992040276527
0.513408660889
0.514994740486
0.997620463371
0.997620463371
0.559324502945
0.997620463371
0.997620463371
0.50798201561
0.997620463371
0.491368740797
0.512944757938
0.482759833336
0.500880241394
0.995750069618
0.52004045248
0.519755005836
0.509845614433
0.997147917747
0.996646344662
0.50166451931
0.997620463371
0.511528789997
0.483797818422
0.983396708965
0.996710121632
0.512024223804
0.530670642853
0.537443578243
0.504926860332
0.997620463371
0.991651117802
0.994181394577
0.568494856358
0.997620463371
0.995790481567
0.43438950181
0.49775198102
0.507714390755
0.55283010006
0.997620463371
0.992528557777
0.533020317554
0.997620463371
0.535641908646
0.996265053749
0.504339337349
0.50418806076
0.985466361046
0.994244933128
0.496273010969
0.493129730225
0.997620463371
0.523337125778
0.508310675621
0.508964300156
0.502565443516
0.474612236023
0.997620463371
0.498890370131
0.523833751678
0.997620463371
0.995565354824
0.507962524891
0.994100213051
0.433896631002
0.997620463371
0.992195665836
0.541111946106
0.994345426559
0.497331857681
0.989181637764
0.489484190941
0.993975460529
0.997620463371
0.988739609718
0.520459651947
0.997620463371
0.990421056747
0.512259960175
0.592583954334
0.477140575647
0.535998761654
0.997620463371
0.997620463371
0.997620463371
0.52205568552
0.997620463371
0.519586503506
0.498227477074
0.489074230194
0.506733715534
0.997620463371
0.492763161659
0.997631013393
0.492146462202
0.692947506905
0.983395457268
0.997620463371
0.994072139263
0.993157625198
0.993471562862
0.481422334909
0.535943984985
0.441890060902
0.500359177589
0.518295347691
0.530988156796
0.536594688892
0.98932403326
0.502395749092
0.501827120781
0.487934172153
0.38201418519
0.616051435471
0.990003228188
0.982766747475
0.48286524415
0.483109980822
0.997620463371
0.480563402176
0.500779807568
0.997620463371
0.522963821888
0.488040089607
0.997620463371
0.521963715553
0.997620463371
0.513216495514
0.488442361355
0.492043942213
0.546319305897
0.545157313347
0.482297301292
0.515691518784
0.506311118603
0.997620463371
0.480415940285
0.987936973572
0.52206403017
0.997620463371
0.497544705868
0.997620463371
0.468963563442
0.477840304375
0.52389216423
0.471353888512
0.519117295742
0.513453781605
0.487017333508
0.513407886028
0.537791311741
0.517472803593
0.550574064255
0.997620463371
0.989472925663
0.517169833183
0.990155994892
0.505878150463
0.404506057501
0.525336444378
0.497490525246
0.995908975601
0.486405432224
0.489963889122
0.977127075195
0.98639523983
0.516371488571
0.997620463371
0.505106270313
0.984106302261
0.997620463371
0.516957938671
0.996407210827
0.977397799492
0.480971217155
0.470277637243
0.992678105831
0.520111382008
0.997620463371
0.502227902412
0.518470525742
0.522611260414
0.985190033913
0.476657062769
0.476511329412
0.489582479
0.507283270359
0.51208615303
0.997609913349
0.997620463371
0.484467178583
0.500923275948
0.502525448799
0.476280122995
0.997620463371
0.515874624252
0.499006688595
0.502771496773
0.485765367746
0.523116588593
0.996038556099
0.997620463371
0.43633171916
0.997620463371
0.487363576889
0.520309925079
0.993061542511
0.524841725826
0.510446369648
0.997620463371
0.504012286663
0.472071141005
0.997620463371
0.595493197441
0.441337555647
0.457836955786
0.992703557014
0.467406719923
0.995751440525
0.997620463371
0.996761441231
0.997620463371
0.489722013474
0.997620463371
0.477483510971
0.509003937244
0.543117940426
0.484697490931
0.537709772587
0.51850259304
0.989209711552
0.497315257788
0.50656235218
0.622027873993
0.501279056072
0.544807374477
0.488599091768
0.508781552315
0.528169512749
0.517639398575
0.995530545712
0.475664526224
0.480387687683
0.997620463371
0.99359369278
0.511708259583
0.489025324583
0.52276879549
0.499615758657
0.536780953407
0.995373427868
0.501159846783
0.997620463371
0.464408963919
0.43804576993
0.537569224834
0.498966366053
0.98288744688
0.437165558338
0.997620463371
0.517217814922
0.997620463371
0.501841306686
0.43725591898
0.508991062641
0.974642395973
0.462822347879
0.448479801416
0.995837807655
0.472151875496
0.471236020327
0.528596282005
0.470250219107
0.997620463371
0.478349179029
0.48548746109
0.99047088623
0.994055330753
0.439219325781
0.997631013393
0.524532258511
0.461305111647
0.514305710793
0.507120847702
0.565665066242
0.51668804884
0.997620463371
0.520504593849
0.51408046484
0.540106475353
0.514916479588
0.985843777657
0.495273798704
0.548987090588
0.997479557991
0.492575347424
0.483161687851
0.477316409349
0.989204883575
0.488326907158
0.458504348993
0.554559826851
0.997620463371
0.384968280792
0.505829572678
0.48144325614
0.49784681201
0.992377579212
0.526586353779
0.48097512126
0.997631013393
0.509760320187
0.991724014282
0.526002347469
0.997620463371
0.500214576721
0.505954504013
0.997620463371
0.525103867054
0.49723020196
0.469243049622
0.997620463371
0.468753308058
0.511459767818
0.994545221329
0.472908467054
0.497322678566
0.51713937521
0.530415713787
0.997620463371
0.533854424953
0.506168484688
0.995003342628
0.526606798172
0.523790717125
0.483300834894
0.513117849827
0.485163629055
0.997620463371
0.458011984825
0.399074316025
0.521186053753
0.488796710968
0.455812305212
0.478696197271
0.997620463371
0.997620463371
0.997620463371
0.493878334761
0.484309107065
0.997631013393
0.503965973854
0.492644101381
0.994108319283
0.996633589268
0.513058364391
0.502789258957
0.997620463371
0.997620463371
0.540603876114
0.493771404028
0.503424882889
0.482122927904
0.489344656467
0.975770115852
0.996130287647
0.562642216682
0.989374399185
0.985035479069
0.4773003757
0.502032756805
0.997581362724
0.538106679916
0.970107257366
0.519751131535
0.984180212021
0.995067000389
0.50656235218
0.479070603848
0.518647491932
0.477836370468
0.98709911108
0.532985210419
0.50847953558
0.509854853153
0.495125621557
0.498451888561
0.997998952866
0.505059659481
0.500005066395
0.997620463371
0.512555062771
0.997620463371
0.517799377441
0.472593039274
0.519562721252
0.486853808165
0.492378294468
0.993017017841
0.420066893101
0.48622405529
0.475793421268
0.997620463371
0.556649267673
0.50053268671
0.52724057436
0.501982450485
0.997620463371
0.997620463371
0.991888940334
0.468791425228
0.43816781044
0.988574922085
0.997620463371
0.997620463371
0.536336421967
0.478696197271
0.997620463371
0.991070270538
0.472170054913
0.516420543194
0.562721848488
0.993709087372
0.492792844772
0.514476954937
0.495404332876
0.464368283749
0.515739142895
0.533005058765
0.997805476189
0.997620463371
0.997620463371
0.997620463371
0.647384941578
0.50341039896
0.989127337933
0.995004713535
0.52722209692
0.997620463371
0.471178412437
0.510499179363
0.458149015903
0.558724522591
0.569060266018
0.997086465359
0.506979703903
0.463879853487
0.47337692976
0.457749664783
0.994438290596
0.997111558914
0.50599694252
0.520955860615
0.496931672096
0.541507482529
0.501586556435
0.996768832207
0.462640851736
0.997620463371
0.532534718513
0.990876495838
0.994296073914
0.460678070784
0.50848788023
0.535905599594
0.520865082741
0.997620463371
0.553083896637
0.513601362705
0.500372231007
0.477518260479
0.500073492527
0.519276082516
0.996045947075
0.461832731962
0.534069955349
0.478586941957
0.518817126751
0.477055311203
0.540705621243
0.990301966667
0.48711809516
0.438586860895
0.522818267345
0.489923119545
0.505758821964
0.501523792744
0.997620463371
0.997620463371
0.997620463371
0.533997833729
0.994518578053
0.51597058773
0.563699960709
0.494750976562
Accuracy: 0.634527
