
Parameters:
ALLOW_SOFT_PLACEMENT=True
BATCH_SIZE=64
CHECKPOINT_DIR=
EVAL_FILEPATH=validation.txt0
LOG_DEVICE_PLACEMENT=False
MODEL=runs/1532388421/checkpoints/model-1000
VOCAB_FILEPATH=runs/1532388421/checkpoints/vocab

Loading testing/labelled data from validation.txt0
46

Evaluating...

runs/1532388421/checkpoints/model-1000
[[array([31, 19,  9, 27, 29,  5,  6,  6,  7, 10, 19,  6,  6, 19,  2])
  array([1, 0, 0, 0, 0, 0, 0, 0, 0, 0, 0, 0, 0, 0, 0]) 0]
 [array([ 2, 31,  1,  7, 33,  2,  3, 20, 18,  1, 24,  5,  7, 28, 13])
  array([3, 0, 0, 0, 0, 0, 0, 0, 0, 0, 0, 0, 0, 0, 0]) 0]
 [array([3, 0, 0, 0, 0, 0, 0, 0, 0, 0, 0, 0, 0, 0, 0])
  array([1, 0, 0, 0, 0, 0, 0, 0, 0, 0, 0, 0, 0, 0, 0]) 0]
 ..., 
 [array([24,  5, 19, 11,  2,  7,  8,  9,  5, 33,  5,  3,  8,  7, 12])
  array([1, 0, 0, 0, 0, 0, 0, 0, 0, 0, 0, 0, 0, 0, 0]) 1]
 [array([3, 0, 0, 0, 0, 0, 0, 0, 0, 0, 0, 0, 0, 0, 0])
  array([ 4, 11,  5,  5,  7, 29,  2,  8,  8, 17, 22, 11, 17,  8,  7]) 1]
 [array([ 2,  6,  5, 38,  2,  3, 18, 11,  2,  7, 39,  2, 31,  5,  8])
  array([29,  2, 11, 11,  1,  7, 31,  2, 27, 18, 17,  3,  2,  6, 18]) 0]]
(2100, 3)
[ 0.49172229  0.49171066  0.99673033  0.49171728  0.50018108  0.50026536
  0.99673116  0.99673331  0.99619329  0.5002023   0.50023651  0.49169618
  0.99673116  0.99673033  0.50028813  0.50008738  0.50021279  0.500103
  0.99621892  0.4917177   0.50024295  0.50020945  0.49172467  0.50015271
  0.50021124  0.50009447  0.99623221  0.49171633  0.99620432  0.99624109
  0.50019532  0.50016165  0.99623954  0.9962467   0.50021458  0.49171731
  0.99673331  0.50012213  0.99673116  0.50011683  0.99619144  0.49170443
  0.49172446  0.49168748  0.99673033  0.99622202  0.50012594  0.99673116
  0.99624228  0.99673373  0.4916985   0.49169001  0.49168572  0.99621558
  0.99673373  0.99623942  0.50010329  0.99673033  0.50006682  0.99623555
  0.9961924   0.99673033  0.49169078  0.99624079  0.99623483  0.49171793
  0.50012231  0.99626005  0.99673331  0.49171817  0.49169999  0.99625033
  0.49172625  0.4917478   0.99621177  0.99673033  0.49169555  0.50007135
  0.99620789  0.50004792  0.50024235  0.49168843  0.50014979  0.50011384
  0.50014228  0.50026768  0.49170688  0.99621791  0.49171919  0.49174476
  0.50010186  0.5001061   0.99673116  0.99673116  0.5001601   0.50013596
  0.49171951  0.9962194   0.49175078  0.99673116  0.50016248  0.50018656
  0.50017416  0.99673116  0.50020266  0.49171704  0.5001021   0.49169824
  0.99621439  0.49169606  0.50008559  0.50011688  0.49168438  0.99673331
  0.49172387  0.99622029  0.4917008   0.49168915  0.50020409  0.49168885
  0.50008911  0.99620652  0.99623394  0.9961881   0.99622512  0.49169171
  0.99620003  0.99673373]
DEV acc 0.6640625
[ 0.50017983  0.99673373  0.9962343   0.50014395  0.50006998  0.99622297
  0.50008065  0.49171284  0.50022203  0.5001235   0.50026786  0.50017065
  0.50012177  0.99673331  0.50015569  0.49171975  0.50013429  0.99623412
  0.49174336  0.99673373  0.49172065  0.49171972  0.50008398  0.50011349
  0.99673373  0.49171346  0.50011516  0.99621367  0.49171835  0.50008261
  0.99620581  0.49168929  0.99673033  0.99673331  0.99622834  0.50018466
  0.50021744  0.50012153  0.50013345  0.500251    0.49171248  0.49172005
  0.99673116  0.99622118  0.50022376  0.50008506  0.50012904  0.49169269
  0.49171877  0.50010031  0.50016928  0.49171159  0.49170083  0.50012577
  0.49171036  0.49170607  0.49176151  0.49170202  0.50010836  0.99624634
  0.49170518  0.99673331  0.99625331  0.49168172  0.4917115   0.99673033
  0.49170229  0.5000686   0.5001508   0.99673116  0.99673373  0.49171382
  0.4917098   0.49170443  0.50033402  0.9962253   0.99673116  0.99673373
  0.49172583  0.50013745  0.50013971  0.50015873  0.99673033  0.9962551
  0.50014234  0.99673373  0.50018156  0.99673373  0.5001173   0.99622631
  0.99673033  0.50018299  0.49169287  0.49169812  0.50013715  0.99623942
  0.50020403  0.99673331  0.50013667  0.9962306   0.50011599  0.99622202
  0.50011307  0.99673373  0.49171782  0.49170503  0.50010544  0.50015318
  0.49171779  0.99673116  0.50015813  0.49172083  0.49172541  0.99621797
  0.50014156  0.50019425  0.50013787  0.49174428  0.99673373  0.49169841
  0.99673373  0.50020713  0.49170804  0.50015491  0.50006068  0.50019854
  0.99673331  0.50017059]
DEV acc 0.6015625
[ 0.49168715  0.99622232  0.49172497  0.99673331  0.50013924  0.50015336
  0.49171606  0.4917241   0.49170059  0.50012869  0.49173623  0.49172375
  0.4917466   0.50014049  0.99673033  0.99673373  0.49168661  0.50013512
  0.50011975  0.99673033  0.99673033  0.50012189  0.99673116  0.49173307
  0.99625933  0.99673373  0.500202    0.50008583  0.49169588  0.49171492
  0.49172768  0.50016195  0.99673331  0.50008523  0.99673331  0.9962095
  0.50010264  0.50020725  0.50017697  0.50015545  0.49174663  0.50002819
  0.99622679  0.49172118  0.50017726  0.500117    0.49171802  0.49172008
  0.49170965  0.99622214  0.99622661  0.50016385  0.49170515  0.50034302
  0.4917106   0.4916864   0.50015867  0.49168348  0.50014961  0.9962244
  0.50011438  0.99673116  0.50029463  0.50011009  0.49172032  0.49172378
  0.50012034  0.49169883  0.50017244  0.99622047  0.49171174  0.49170938
  0.99622416  0.49169019  0.99621224  0.99673116  0.50015402  0.49171016
  0.49172089  0.50008231  0.5001682   0.99673373  0.49170378  0.99673116
  0.50014216  0.99673116  0.50027817  0.49170008  0.49171263  0.99673033
  0.49172753  0.50009149  0.49171087  0.99673331  0.99620378  0.49170774
  0.99673033  0.49169359  0.99673033  0.50011617  0.49172205  0.99624127
  0.4917118   0.50006485  0.49173534  0.50022233  0.49172902  0.99673033
  0.99622482  0.99673033  0.99624407  0.49171597  0.99673331  0.4916642
  0.50011617  0.5001393   0.49167508  0.99673116  0.49168974  0.49172139
  0.49170887  0.99620765  0.50026929  0.99673373  0.49174094  0.50016809
  0.4917182   0.50021487]
DEV acc 0.65625
[ 0.49171332  0.9962371   0.99622798  0.50037622  0.50013     0.99620563
  0.50027496  0.50019103  0.99673331  0.49170253  0.99673331  0.50024354
  0.50021195  0.49171162  0.5001266   0.99622661  0.50006706  0.99673331
  0.49168423  0.49170515  0.5001601   0.50018966  0.49171492  0.99673331
  0.99625146  0.4917081   0.50009936  0.500117    0.50012612  0.50013632
  0.99621332  0.50018299  0.50021207  0.50016946  0.491676    0.50016063
  0.4917511   0.50018328  0.50027883  0.50023407  0.50012529  0.99673116
  0.99673116  0.49171799  0.50014579  0.49170205  0.50016791  0.49168539
  0.5002197   0.99623126  0.99673033  0.50012147  0.49169385  0.49169382
  0.49170345  0.49171686  0.99618798  0.99673116  0.49169114  0.99622017
  0.99673033  0.99673331  0.49171484  0.99623275  0.50019103  0.99623394
  0.49170977  0.49171284  0.49167496  0.50016809  0.49170628  0.49173659
  0.50008136  0.500148    0.50021249  0.49174333  0.5001632   0.99673331
  0.50025904  0.50014532  0.99620563  0.99673331  0.99622887  0.49169749
  0.49171379  0.99673033  0.50017226  0.49167395  0.50006229  0.49174386
  0.49173549  0.49169177  0.50028312  0.49170294  0.50012857  0.99622369
  0.99624085  0.50010902  0.99619573  0.50020313  0.50013715  0.49171352
  0.50021058  0.50014609  0.99673331  0.49171069  0.50013232  0.50012767
  0.50004023  0.50021762  0.49172843  0.99624437  0.49173692  0.49172378
  0.99673331  0.4917013   0.49168146  0.49174246  0.49174276  0.50015277
  0.99673033  0.99673116  0.99673331  0.49169931  0.99621522  0.50023323
  0.50015986  0.99620289]
DEV acc 0.6015625
[ 0.99673033  0.4916957   0.49170423  0.50018287  0.99673331  0.50013912
  0.50010329  0.50012147  0.50007039  0.4917073   0.49169892  0.99673331
  0.49169672  0.99620974  0.49173751  0.50019127  0.49169776  0.49169272
  0.49172041  0.49174166  0.49173415  0.50021666  0.99620408  0.50015289
  0.49170068  0.99673033  0.50016987  0.49169755  0.99673331  0.50019026
  0.99673116  0.99673373  0.4916862   0.99673116  0.99673116  0.99673116
  0.50015444  0.50007242  0.4916966   0.49174073  0.49169001  0.49175239
  0.99673331  0.99620563  0.50018638  0.50009614  0.50015754  0.99673373
  0.50015551  0.50019991  0.49169514  0.49172711  0.49172693  0.99622279
  0.49168786  0.49174452  0.49167037  0.99615824  0.50015134  0.99673373
  0.49173212  0.99673116  0.50025403  0.50012952  0.50021082  0.49170405
  0.50027961  0.99622917  0.99673373  0.50014895  0.49172699  0.9962309
  0.99673373  0.50012159  0.49170306  0.49170101  0.99673331  0.49170768
  0.99673331  0.99624693  0.99625528  0.50015676  0.99673331  0.49170518
  0.4917191   0.49169934  0.50015682  0.99673331  0.49176306  0.50008696
  0.99623436  0.49174261  0.50015861  0.4917106   0.49169952  0.50014788
  0.49176621  0.49173376  0.99673033  0.50032169  0.50015557  0.99623585
  0.50027251  0.99622083  0.49172342  0.50015342  0.49173027  0.99624127
  0.5001266   0.99623513  0.49171966  0.49174294  0.99673116  0.5001303
  0.49170339  0.99621063  0.99673331  0.99621189  0.49171638  0.50019628
  0.49170992  0.99621868  0.99673116  0.50026232  0.99622989  0.50017804
  0.50019097  0.50005746]
DEV acc 0.6875
[ 0.99673033  0.500135    0.99673373  0.49169675  0.50014007  0.99673116
  0.50025094  0.50022531  0.99673033  0.9962225   0.5001213   0.50015825
  0.50011736  0.50011706  0.99620831  0.49168736  0.49168596  0.50014263
  0.50010908  0.49170601  0.49171665  0.50011742  0.99673331  0.49171558
  0.49172339  0.99673373  0.50013983  0.50005531  0.99673116  0.49171102
  0.50015908  0.50018764  0.99623233  0.50019479  0.50005025  0.99622524
  0.99618638  0.49170464  0.50034392  0.99673116  0.50025779  0.99673331
  0.50009465  0.49173361  0.49170864  0.49169824  0.50020021  0.4916825
  0.99623585  0.49169785  0.49170572  0.49170843  0.9962213   0.49171263
  0.99619365  0.99624485  0.99673373  0.9962092   0.49171489  0.49170908
  0.5002858   0.50016385  0.50015855  0.50014997  0.49168244  0.99673373
  0.50009489  0.50007045  0.50014371  0.5000869   0.9962095   0.50022721
  0.99623305  0.99673033  0.49169472  0.49173841  0.491734    0.49172053
  0.49169326  0.99673033  0.49172473  0.99673331  0.49167615  0.99673033
  0.50007397  0.99673331  0.99621809  0.49170449  0.99673331  0.49169314
  0.49168652  0.99619544  0.50017285  0.50015998  0.49169871  0.99623376
  0.99673373  0.49175137  0.9962393   0.50027597  0.99673116  0.4917382
  0.49170431  0.99627775  0.99623185  0.99622691  0.49171513  0.99673373
  0.49171713  0.5000869   0.50012672  0.49171513  0.49171019  0.49169242
  0.50011212  0.99623013  0.50021595  0.50018048  0.4917179   0.49170658
  0.49169686  0.99623048  0.50012791  0.49171644  0.50024718  0.50009251
  0.99673116  0.49173883]
DEV acc 0.6171875
[ 0.99622011  0.49176192  0.49171698  0.99621546  0.49168169  0.99673116
  0.99621826  0.99622172  0.99622899  0.49170589  0.49168533  0.49174473
  0.50012833  0.50006348  0.99624783  0.99673116  0.49167529  0.50013971
  0.50016326  0.50013858  0.99673373  0.50016844  0.4917357   0.99623132
  0.50024545  0.99673033  0.50012404  0.50023955  0.50020289  0.49171042
  0.50017333  0.50018662  0.99673116  0.50012481  0.50008762  0.49171382
  0.49172398  0.49170935  0.49173841  0.49173424  0.50023419  0.49168321
  0.50015378  0.50010371  0.50015891  0.49168915  0.49171695  0.49174833
  0.50008136  0.4916788   0.99673116  0.99625182  0.99623865  0.99673033
  0.50014329  0.50010043  0.50020617  0.99621582  0.99673331  0.99673373
  0.5002408   0.99622816  0.50011563  0.50019896  0.50007659  0.99623811
  0.50030428  0.50021607  0.99626052  0.99673331  0.99673033  0.49171948
  0.50012332  0.99622375  0.99624825  0.9962461   0.99673033  0.50012857
  0.99623537  0.99620992  0.50016499  0.99673331  0.99673331  0.49169007
  0.50015438  0.50008404  0.99623853  0.4917039   0.99673033  0.99673331
  0.49171203  0.49172127  0.99673373  0.50022429  0.50014818  0.99622142
  0.9962284   0.50000554  0.491777    0.99622136  0.49175507  0.99624115
  0.49170688  0.50018889  0.500117    0.99622566  0.49170187  0.50005209
  0.49167383  0.99673116  0.49169436  0.50002831  0.49170822  0.99628741
  0.5001474   0.50027937  0.50028193  0.50022417  0.50013852  0.99623072
  0.49171361  0.5000841   0.49171951  0.99623382  0.5001232   0.49172854
  0.50017178  0.99673373]
DEV acc 0.671875
[ 0.50015819  0.49170563  0.50012976  0.4917168   0.99673373  0.49169517
  0.99673331  0.99673116  0.99673033  0.49171826  0.50032955  0.99673373
  0.5000692   0.50021183  0.49172843  0.99624437  0.50009668  0.99622458
  0.49174085  0.50015044  0.9962101   0.99673116  0.99621916  0.9962365
  0.5001089   0.49173048  0.49174848  0.50017428  0.50005144  0.99620205
  0.99620861  0.50011265  0.50010544  0.99673116  0.50003684  0.50011903
  0.49170938  0.50002682  0.49169236  0.99627203  0.49180809  0.50012439
  0.50013131  0.49171406  0.50013882  0.50020593  0.99620575  0.50006068
  0.49170774  0.99623251  0.49172166  0.5002045   0.99673373  0.99621445
  0.50017083  0.50009495  0.99622649  0.49173549  0.50010109  0.49169186
  0.99624181  0.4917005   0.50017226  0.49169177  0.50019968  0.99673373
  0.50011927  0.50016516  0.99673116  0.49170312  0.50023627  0.49169129
  0.49173468  0.99673331  0.4916991   0.99623519  0.49169746  0.99673373
  0.99623662  0.49170271  0.50022972  0.99673331  0.99622655  0.49170762
  0.50013202  0.50017989  0.99673331  0.49170986  0.99622083  0.50011438
  0.99673116  0.99673331  0.49170318  0.99673033  0.49169168  0.4917047
  0.5001719   0.50016159  0.50013715  0.49174553  0.49172753  0.50022268
  0.49177781  0.50016713  0.50015503  0.49169505  0.99673373  0.49168912
  0.49172172  0.99673033  0.49171746  0.50020051  0.99622023  0.50015622
  0.50019425  0.49171185  0.50018001  0.4917095   0.50014579  0.99621689
  0.49173921  0.500193    0.49169677  0.99673033  0.49167445  0.50020134
  0.49169144  0.50017697]
DEV acc 0.671875
[ 0.50012362  0.50016111  0.99619907  0.50011337  0.49168462  0.49170324
  0.4916935   0.50008839  0.50010538  0.50022948  0.50006729  0.50015599
  0.99673033  0.49169263  0.99673033  0.50014728  0.99673116  0.99673373
  0.49171111  0.50014341  0.49170253  0.50019252  0.50018024  0.49168715
  0.49169168  0.99621797  0.4917227   0.50013411  0.99673033  0.99673033
  0.49172366  0.50022489  0.99673033  0.99673373  0.49171615  0.50014454
  0.99623024  0.49168631  0.49174401  0.50026518  0.50017768  0.49170917
  0.99673373  0.49173039  0.50012141  0.50007504  0.99623311  0.99673373
  0.50016385  0.99623537  0.49167845  0.49170482  0.49175137  0.99673033
  0.49170539  0.50014931  0.99633729  0.50013667  0.99673331  0.49168745
  0.99673033  0.99673116  0.49169278  0.49168763  0.50031167  0.4917047
  0.50013608  0.50021154  0.99621618  0.99673331  0.50010276  0.50020373
  0.99673373  0.99673116  0.5001142   0.99673373  0.50008386  0.99627078
  0.99673033  0.49170092  0.99673033  0.99673373  0.49171692  0.99673373
  0.5000996   0.50027484  0.99623591  0.49171403  0.50014085  0.99623132
  0.50029576  0.4917081   0.49171653  0.49169892  0.99673331  0.50019127
  0.99621624  0.99673033  0.49168608  0.50013757  0.50021839  0.50007755
  0.99624085  0.500144    0.5000996   0.99618119  0.99673033  0.50030029
  0.99673373  0.49169406  0.99621814  0.50017047  0.50022137  0.50008768
  0.49169743  0.49171144  0.99624074  0.49176624  0.50017029  0.99621046
  0.50033003  0.99673116  0.49170443  0.49169928  0.49170461  0.49172866
  0.49169043  0.99621034]
DEV acc 0.7265625
[ 0.50017554  0.49169964  0.99624628  0.50013793  0.50015491  0.49169639
  0.49168608  0.49171886  0.50013226  0.49170232  0.49171737  0.49167827
  0.99623531  0.5002808   0.50007439  0.99673033  0.99673331  0.49169102
  0.50003213  0.5001725   0.49170625  0.50013494  0.50017118  0.49172384
  0.49168947  0.5001983   0.49172235  0.99622738  0.49172714  0.49171045
  0.99621618  0.50016207  0.99621743  0.99624395  0.99673373  0.99624968
  0.99673331  0.99623036  0.99673331  0.50030327  0.99625283  0.99620634
  0.99673373  0.49172431  0.99623859  0.99673033  0.50015819  0.99627119
  0.49171555  0.50016713  0.49171761  0.5000872   0.50011754  0.99621111
  0.50012326  0.49169853  0.4917188   0.99673373  0.50015014  0.49171928
  0.50005895  0.50007784  0.49173003  0.49169976  0.50015998  0.99673373
  0.50009823  0.99621892  0.4917261   0.50015485  0.49171382  0.99673033
  0.99673373  0.49174151  0.50018328  0.50014883  0.50018924  0.99622136
  0.99623799  0.50015396  0.49170935  0.99673116  0.49169603  0.99621546
  0.99621844  0.49170518  0.99673033  0.4917154   0.49174654  0.49169469
  0.50014061  0.50010687  0.49170712  0.49169731  0.99673116  0.99673116
  0.99673373  0.99620771  0.99623108  0.99624532  0.50013381  0.50018263
  0.99673373  0.99624336  0.99673033  0.49169552  0.99673331  0.99673033
  0.50011396  0.99673116  0.99673373  0.49169046  0.99673116  0.49170935
  0.5001235   0.50014848  0.50017941  0.49173447  0.99625039  0.49172226
  0.49171913  0.99673116  0.4917053   0.50021225  0.50014144  0.99622279
  0.50008386  0.49171355]
DEV acc 0.6875
[ 0.99673116  0.49176306  0.99673033  0.49170226  0.50027549  0.50025195
  0.99673331  0.99673331  0.99623775  0.50017715  0.99673116  0.49171051
  0.49170232  0.50023139  0.4916988   0.49168372  0.99673033  0.50017416
  0.99620414  0.49173152  0.99673033  0.50009936  0.49170977  0.49170011
  0.50015342  0.50021005  0.49171042  0.49170816  0.99621969  0.99673033
  0.50008035  0.49170753  0.9962123   0.50019974  0.99673033  0.99673331
  0.50009674  0.49171022  0.99623817  0.99623233  0.49169058  0.99625516
  0.49174711  0.49175921  0.50020242  0.49171042  0.99673373  0.99673033
  0.99673373  0.99619573  0.49169171  0.49172255  0.99623078  0.99673373
  0.99620372  0.49173531  0.50012612  0.49172336  0.50013024  0.49169818
  0.50021607  0.49170819  0.99622834  0.99673331  0.99625641  0.49169341
  0.99622476  0.49170166  0.50019383  0.50014436  0.5001052   0.49169359
  0.4917106   0.50014508  0.4917309   0.50006229  0.99623817  0.49174491
  0.99673033  0.99673331  0.49169147  0.99620372  0.50010204  0.99673373
  0.49170047  0.5001235   0.99620992  0.50018781  0.50010782  0.99673033
  0.50003976  0.50020921  0.99622494  0.4917438   0.49168989  0.99673116
  0.49169916  0.99619931  0.500121    0.49170083  0.99673033  0.50018489
  0.99673116  0.99624407  0.49170646  0.99623418  0.99673033  0.50017488
  0.99620992  0.50014275  0.50013882  0.49167329  0.50017524  0.9961856
  0.49169582  0.50014359  0.99620008  0.50014389  0.99621439  0.49171692
  0.50010473  0.99620968  0.49169412  0.491705    0.99623454  0.49170178
  0.99621665  0.50013906]
DEV acc 0.671875
[ 0.49170247  0.50009638  0.99673373  0.99623078  0.50017899  0.50012159
  0.50011474  0.50021195  0.99622691  0.50007731  0.99622756  0.50031614
  0.49170402  0.49171513  0.4917039   0.49171004  0.99673116  0.9962253
  0.49169511  0.99673116  0.49169403  0.99619102  0.99623615  0.50009948
  0.99673116  0.5002479   0.49171832  0.5001204   0.99673033  0.50009179
  0.99621993  0.99673033  0.99623764  0.5002349   0.50017047  0.99625522
  0.50016409  0.50019914  0.99673373  0.50010037  0.49173871  0.99625248
  0.49169698  0.49170634  0.49168807  0.49177247  0.49168161  0.4917292
  0.99673116  0.50029635  0.99623346  0.99622792  0.49168763  0.49169689
  0.50015277  0.50012386  0.49168977  0.49172619  0.49171495  0.49169305
  0.99673033  0.50010252  0.99619079  0.49168861  0.99673331  0.99621516
  0.99673331  0.50011951  0.50012434  0.49172217  0.49169287  0.49170998
  0.50018382  0.49171674  0.99673373  0.99673116  0.49172527  0.50017375
  0.50017625  0.9962343   0.50010294  0.4916822   0.50016588  0.49170968
  0.49169147  0.5001744   0.49179184  0.50013155  0.99673331  0.49169928
  0.49172124  0.50021815  0.49171767  0.49172753  0.99673331  0.50013697
  0.99622971  0.49172223  0.99619466  0.99673373  0.5001002   0.49174625
  0.50010604  0.49170327  0.50016344  0.49172366  0.99673373  0.50014502
  0.50019997  0.99673373  0.99673331  0.49170265  0.49171135  0.49172547
  0.50024652  0.99673116  0.50010091  0.49167845  0.99673116  0.50022268
  0.99623531  0.49172306  0.99673373  0.99673373  0.99621642  0.99626827
  0.99624914  0.50012034]
DEV acc 0.6640625
[ 0.99622673  0.50017887  0.99620593  0.49169672  0.49169007  0.50014341
  0.49170002  0.99673033  0.49170706  0.49167892  0.99673033  0.49173823
  0.50022262  0.50010812  0.99673033  0.49172124  0.49169254  0.49171257
  0.49169862  0.49172804  0.50017285  0.5003159   0.49170837  0.99673373
  0.50011998  0.49167955  0.50017792  0.99618888  0.4917016   0.49171594
  0.99620759  0.99673373  0.49171588  0.49173471  0.50009882  0.49172357
  0.49173808  0.50018406  0.49171472  0.49171209  0.50010437  0.4917371
  0.99621862  0.49168459  0.50023925  0.99673033  0.50017923  0.4917047
  0.49173889  0.99620813  0.99625468  0.99619871  0.99619818  0.50023687
  0.49169225  0.4917087   0.49170411  0.49168628  0.50013876  0.49170822
  0.50015002  0.49170792  0.99625796  0.49168041  0.50011617  0.49171185
  0.99623239  0.50011456  0.4917171   0.9962334   0.99673033  0.99673331
  0.49173099  0.99623531  0.9962365   0.50012398  0.99673033  0.5002284
  0.50022322  0.50015551  0.50019103  0.50016087  0.99622822  0.4917089
  0.49173599  0.99673116  0.49172637  0.99673116  0.49169618  0.99673373
  0.99617016  0.50015181  0.99623764  0.99673033  0.49172217  0.99623144
  0.9962554   0.49171859  0.50013065  0.49170816  0.50014001  0.99673033
  0.99673116  0.49171031  0.50023288  0.50012457  0.99673331  0.99673116
  0.99673373  0.50013274  0.49169341  0.500072    0.99619174  0.49169815
  0.49169034  0.50014818  0.50033104  0.9961881   0.99673331  0.50012797
  0.99673033  0.99622661  0.99673373  0.50019377  0.99622166  0.49174455
  0.50009543  0.49171183]
DEV acc 0.671875
[ 0.5002588   0.99623853  0.99673033  0.50019383  0.50017571  0.49172071
  0.50014341  0.50013494  0.99624252  0.50023812  0.99623221  0.50015432
  0.50021636  0.99673373  0.99673373  0.49168551  0.99625599  0.99623841
  0.99620438  0.99673373  0.50007921  0.49169028  0.99623084  0.49170449
  0.49166703  0.49169186  0.49171498  0.99626839  0.50041592  0.49168712
  0.4917115   0.49174044  0.99673033  0.99621761  0.50014949  0.99619651
  0.9962067   0.99673373  0.49171773  0.99623436  0.50014877  0.50017577
  0.50028712  0.49171263  0.50025439  0.50005937  0.49173287  0.5001204
  0.50011557  0.99622595  0.49170181  0.49174747  0.49169627  0.50016433
  0.50015622  0.49168921  0.99673116  0.49169686  0.49171042  0.50009149
  0.49172705  0.49167714  0.49176374  0.49172187  0.50024319  0.50036055
  0.99673331  0.49175325  0.50018346  0.4916929   0.4917134   0.49170992
  0.50016677  0.49169454  0.99673373  0.49171332  0.99673331  0.49174273
  0.99621302  0.99673331  0.50012678  0.99623543  0.99624139  0.49173179
  0.99623913  0.49171469  0.99673373  0.49170616  0.99673033  0.9961946
  0.50017905  0.50017673  0.49174821  0.49171665  0.99673331  0.99673373
  0.49172017  0.99673331  0.49171185  0.50012851  0.49169922  0.50022179
  0.99673033  0.99673331  0.50011182  0.50017369  0.50015044  0.50017142
  0.50014091  0.49170166  0.99673373  0.50031358  0.50017041  0.50014722
  0.49171263  0.50033212  0.99673033  0.50008047  0.49171674  0.99673033
  0.49177721  0.50015777  0.49170113  0.99673373  0.49167189  0.5001412
  0.50022894  0.5001871 ]
DEV acc 0.671875
[ 0.50019854  0.4917329   0.49170113  0.50013554  0.99620688  0.99622625
  0.50011557  0.50031155  0.99673033  0.50018579  0.49170366  0.50005311
  0.49172384  0.99623817  0.50028414  0.99624419  0.50026047  0.49171603
  0.49169168  0.50025702  0.99673116  0.49170786  0.99673373  0.99673116
  0.49169862  0.9962157   0.99622178  0.50007486  0.5001269   0.99622935
  0.99673331  0.99673033  0.99673033  0.49169341  0.49171168  0.49170843
  0.9962306   0.99673116  0.50023204  0.49171957  0.99673033  0.50013137
  0.49169862  0.99673331  0.99673116  0.99621505  0.99673033  0.99673033
  0.50013232  0.49168748  0.500166    0.49169096  0.50018185  0.49171275
  0.9962135   0.99673373  0.99621254  0.99673033  0.99624485  0.99624288
  0.99673331  0.99622947  0.49168479  0.99622238  0.50021052  0.99673373
  0.50016028  0.99622631  0.49174169  0.5003739   0.50019681  0.99673116
  0.50017655  0.99673116  0.49173021  0.99673331  0.49171582  0.49170339
  0.49170929  0.49168774  0.50017571  0.49168813  0.49171385  0.50010073
  0.50018364  0.50018257  0.50012678  0.49169537  0.50006461  0.99624032
  0.50016493  0.49168566  0.50016457  0.50016719  0.49171466  0.50019151
  0.49169153  0.99673033  0.49169976  0.50024235  0.9962194   0.50018257
  0.49172497  0.49170777  0.50027639  0.99619263  0.49170938  0.50019819
  0.50010598  0.50018424  0.99621439  0.49171382  0.50020218  0.99673373
  0.50021535  0.50008631  0.50007945  0.49168983  0.99673033  0.50019616
  0.49169639  0.99673331  0.50008601  0.99622756  0.50009805  0.49170771
  0.50027061  0.49174339]
DEV acc 0.6484375
[ 0.49169818  0.49171641  0.50019938  0.50022554  0.49167654  0.50012082
  0.49174783  0.49173665  0.49170583  0.50018442  0.50013047  0.49173367
  0.99673373  0.99673331  0.49168071  0.50024569  0.49171478  0.50013322
  0.50024563  0.5002023   0.99673373  0.99621707  0.50016385  0.50018567
  0.49168149  0.9962281   0.4916954   0.99673373  0.50011712  0.99673331
  0.99673331  0.49169856  0.50018686  0.50021183  0.49178872  0.49169734
  0.50019217  0.50015306  0.99673033  0.49172974  0.49171212  0.4916814
  0.99673373  0.99673331  0.99620652  0.99620891  0.99673331  0.99623185
  0.49170706  0.49170732  0.49170315  0.99622077  0.49169207  0.99620736
  0.50015134  0.99673331  0.99673033  0.50014889  0.49170905  0.50017744
  0.49169719  0.99623126  0.49170291  0.49173117  0.50016773  0.9962247
  0.49169815  0.50014341  0.50021237  0.50006729  0.50018418  0.49170956
  0.49173492  0.49168921  0.99673116  0.50014287  0.49171984  0.50023276
  0.49172375  0.50017685  0.50017697  0.49174297  0.99673033  0.50026757
  0.99673331  0.50014406  0.4917455   0.99673033  0.50017154  0.49170375
  0.50016421  0.49172136  0.99673116  0.99673331  0.99620444  0.49172282
  0.49174613  0.99620676  0.49170691  0.50009066  0.99621809  0.49169728
  0.99673373  0.49172419  0.50014579  0.99621308  0.99622965  0.49170148
  0.99620712  0.99673033  0.49174833  0.9962225   0.49173766  0.99673331
  0.50005651  0.491705    0.49169627  0.50009584  0.49176598  0.9962424
  0.4917402   0.49171305  0.4916985   0.49171805  0.99621952  0.491705
  0.49173972  0.50017953]
DEV acc 0.7109375
[ 0.49169925  0.49170986  0.50024462  0.99620354  0.50015289  0.49168372
  0.4917019   0.5001744   0.99673331  0.49170154  0.50017422  0.50012392
  0.50015664  0.99673331  0.49170467  0.49169588  0.99673331  0.99621087
  0.99673373  0.50014323  0.99673373  0.50009662  0.99673373  0.99626672
  0.49172422  0.49168548  0.50014889  0.50015348  0.99621671  0.49168292
  0.99621081  0.99673033  0.99620634  0.4917351   0.99623895  0.99673116
  0.49173793  0.99622065  0.49175274  0.50017715  0.49170041  0.99622065
  0.49170727  0.99623781  0.49171063  0.99673116  0.50015861  0.99622428
  0.99673373  0.49169973  0.50011319  0.99621665]
DEV acc 0.692307710648
0.491722285748
0.491710662842
0.996730327606
0.491717278957
0.500181078911
0.500265359879
0.996731162071
0.996733307838
0.996193289757
0.500202298164
0.50023651123
0.491696178913
0.996731162071
0.996730327606
0.500288128853
0.500087380409
0.500212788582
0.500102996826
0.996218919754
0.49171769619
0.500242948532
0.500209450722
0.491724669933
0.5001527071
0.500211238861
0.500094473362
0.99623221159
0.491716325283
0.996204316616
0.996241092682
0.500195324421
0.500161647797
0.996239542961
0.996246695518
0.500214576721
0.49171730876
0.996733307838
0.500122129917
0.996731162071
0.500116825104
0.996191442013
0.491704434156
0.491724461317
0.491687476635
0.996730327606
0.996222019196
0.500125944614
0.996731162071
0.996242284775
0.996733725071
0.491698503494
0.491690009832
0.491685718298
0.996215581894
0.996733725071
0.996239423752
0.500103294849
0.996730327606
0.500066816807
0.99623554945
0.996192395687
0.996730327606
0.491690784693
0.996240794659
0.996234834194
0.491717934608
0.500122308731
0.996260046959
0.996733307838
0.491718173027
0.49169999361
0.996250331402
0.491726249456
0.491747796535
0.996211767197
0.996730327606
0.491695553064
0.50007134676
0.996207892895
0.500047922134
0.500242352486
0.491688430309
0.500149786472
0.500113844872
0.500142276287
0.50026768446
0.491706877947
0.996217906475
0.491719186306
0.491744756699
0.500101864338
0.500106096268
0.996731162071
0.996731162071
0.500160098076
0.500135958195
0.491719514132
0.996219396591
0.491750776768
0.996731162071
0.500162482262
0.500186562538
0.500174164772
0.996731162071
0.500202655792
0.491717040539
0.500102102757
0.491698235273
0.996214389801
0.491696059704
0.50008559227
0.500116884708
0.491684377193
0.996733307838
0.491723865271
0.996220290661
0.491700798273
0.491689145565
0.500204086304
0.491688847542
0.500089108944
0.996206521988
0.996233940125
0.996188104153
0.996225118637
0.491691708565
0.996200025082
0.996733725071
0.500179827213
0.996733725071
0.996234297752
0.500143945217
0.500069975853
0.99622297287
0.500080645084
0.491712838411
0.500222027302
0.500123500824
0.500267863274
0.500170648098
0.500121772289
0.996733307838
0.500155687332
0.49171975255
0.500134289265
0.996234118938
0.491743355989
0.996733725071
0.49172064662
0.491719722748
0.500083982944
0.500113487244
0.996733725071
0.49171346426
0.500115156174
0.996213674545
0.491718351841
0.500082612038
0.996205806732
0.491689294577
0.996730327606
0.996733307838
0.996228337288
0.50018465519
0.500217437744
0.500121533871
0.5001334548
0.500250995159
0.491712480783
0.491720050573
0.996731162071
0.996221184731
0.500223755836
0.500085055828
0.500129044056
0.491692692041
0.491718769073
0.500100314617
0.500169277191
0.491711586714
0.491700828075
0.5001257658
0.491710364819
0.491706073284
0.491761505604
0.491702020168
0.500108361244
0.996246337891
0.491705179214
0.996733307838
0.996253311634
0.491681724787
0.491711497307
0.996730327606
0.491702288389
0.500068604946
0.500150799751
0.996731162071
0.996733725071
0.491713821888
0.491709798574
0.491704434156
0.500334024429
0.996225297451
0.996731162071
0.996733725071
0.491725832224
0.500137448311
0.500139713287
0.500158727169
0.996730327606
0.996255099773
0.500142335892
0.996733725071
0.500181555748
0.996733725071
0.500117301941
0.99622631073
0.996730327606
0.500182986259
0.491692870855
0.491698116064
0.500137150288
0.996239423752
0.500204026699
0.996733307838
0.50013667345
0.996230602264
0.500115990639
0.996222019196
0.500113070011
0.996733725071
0.491717815399
0.491705030203
0.500105440617
0.500153183937
0.491717785597
0.996731162071
0.500158131123
0.491720825434
0.491725414991
0.99621796608
0.500141561031
0.500194251537
0.500137865543
0.491744279861
0.996733725071
0.491698414087
0.996733725071
0.500207126141
0.491708040237
0.500154912472
0.500060677528
0.500198543072
0.996733307838
0.500170588493
0.491687148809
0.996222317219
0.491724967957
0.996733307838
0.50013923645
0.500153362751
0.491716057062
0.491724103689
0.491700589657
0.500128686428
0.491736233234
0.491723746061
0.491746604443
0.500140488148
0.996730327606
0.996733725071
0.491686612368
0.50013512373
0.500119745731
0.996730327606
0.996730327606
0.500121891499
0.996731162071
0.491733074188
0.996259331703
0.996733725071
0.500202000141
0.500085830688
0.49169588089
0.491714924574
0.491727679968
0.50016194582
0.996733307838
0.500085234642
0.996733307838
0.99620950222
0.500102639198
0.50020724535
0.50017696619
0.500155448914
0.491746634245
0.500028192997
0.996226787567
0.491721183062
0.500177264214
0.500117003918
0.491718024015
0.491720080376
0.491709649563
0.996222138405
0.996226608753
0.500163853168
0.491705149412
0.500343024731
0.491710603237
0.491686403751
0.500158667564
0.491683483124
0.500149607658
0.996224403381
0.500114381313
0.996731162071
0.500294625759
0.500110089779
0.491720318794
0.491723775864
0.500120341778
0.49169883132
0.500172436237
0.996220469475
0.491711735725
0.491709381342
0.996224164963
0.491690188646
0.996212244034
0.996731162071
0.500154018402
0.491710156202
0.491720885038
0.500082314014
0.500168204308
0.996733725071
0.491703778505
0.996731162071
0.500142157078
0.996731162071
0.500278174877
0.491700083017
0.491712629795
0.996730327606
0.491727530956
0.50009149313
0.491710871458
0.996733307838
0.996203780174
0.491707742214
0.996730327606
0.491693586111
0.996730327606
0.500116169453
0.491722047329
0.996241271496
0.49171179533
0.500064849854
0.491735339165
0.500222325325
0.491729021072
0.996730327606
0.996224820614
0.996730327606
0.996244072914
0.491715967655
0.996733307838
0.491664201021
0.500116169453
0.500139296055
0.491675078869
0.996731162071
0.491689741611
0.491721391678
0.491708874702
0.996207654476
0.500269293785
0.996733725071
0.491740942001
0.500168085098
0.491718202829
0.500214874744
0.491713315248
0.996237099171
0.99622797966
0.500376224518
0.50012999773
0.996205627918
0.500274956226
0.500191032887
0.996733307838
0.491702526808
0.996733307838
0.500243544579
0.500211954117
0.491711616516
0.500126600266
0.996226608753
0.500067055225
0.996733307838
0.491684228182
0.491705149412
0.500160098076
0.50018966198
0.491714924574
0.996733307838
0.99625146389
0.491708099842
0.500099360943
0.500117003918
0.500126123428
0.500136315823
0.996213316917
0.500182986259
0.500212073326
0.500169456005
0.491676002741
0.500160634518
0.491751104593
0.500183284283
0.500278830528
0.50023406744
0.500125288963
0.996731162071
0.996731162071
0.491717994213
0.500145792961
0.491702049971
0.500167906284
0.491685390472
0.500219702721
0.996231257915
0.996730327606
0.500121474266
0.491693854332
0.49169382453
0.49170345068
0.491716861725
0.996187984943
0.996731162071
0.491691142321
0.996220171452
0.996730327606
0.996733307838
0.491714835167
0.996232748032
0.500191032887
0.996233940125
0.491709768772
0.491712838411
0.49167495966
0.500168085098
0.4917062819
0.491736590862
0.50008136034
0.500147998333
0.500212490559
0.491743326187
0.500163197517
0.996733307838
0.500259041786
0.500145316124
0.996205627918
0.996733307838
0.99622887373
0.491697490215
0.491713792086
0.996730327606
0.500172257423
0.491673946381
0.500062286854
0.491743862629
0.491735488176
0.491691768169
0.500283122063
0.49170294404
0.500128567219
0.996223688126
0.996240854263
0.500109016895
0.996195733547
0.500203132629
0.500137150288
0.491713523865
0.50021058321
0.500146090984
0.996733307838
0.491710692644
0.500132322311
0.500127673149
0.500040233135
0.500217616558
0.491728425026
0.996244370937
0.491736918688
0.491723775864
0.996733307838
0.491701304913
0.491681456566
0.49174246192
0.491742759943
0.500152766705
0.996730327606
0.996731162071
0.996733307838
0.491699308157
0.996215224266
0.500233232975
0.500159859657
0.996202886105
0.996730327606
0.491695702076
0.49170422554
0.50018286705
0.996733307838
0.500139117241
0.500103294849
0.500121474266
0.500070393085
0.491707295179
0.491698920727
0.996733307838
0.491696715355
0.996209740639
0.491737514734
0.500191271305
0.491697758436
0.491692721844
0.491720408201
0.491741657257
0.491734147072
0.500216662884
0.996204078197
0.500152885914
0.491700679064
0.996730327606
0.500169873238
0.49169754982
0.996733307838
0.500190258026
0.996731162071
0.996733725071
0.491686195135
0.996731162071
0.996731162071
0.996731162071
0.500154435635
0.500072419643
0.491696596146
0.491740733385
0.491690009832
0.491752386093
0.996733307838
0.996205627918
0.500186383724
0.500096142292
0.500157535076
0.996733725071
0.500155508518
0.500199913979
0.491695135832
0.491727113724
0.49172693491
0.996222794056
0.491687864065
0.49174451828
0.491670370102
0.996158242226
0.500151336193
0.996733725071
0.491732120514
0.996731162071
0.500254034996
0.500129520893
0.500210821629
0.491704046726
0.500279605389
0.996229171753
0.996733725071
0.500148952007
0.491726994514
0.996230900288
0.996733725071
0.500121593475
0.49170306325
0.491701006889
0.996733307838
0.49170768261
0.996733307838
0.996246933937
0.996255278587
0.500156760216
0.996733307838
0.491705179214
0.491719096899
0.491699337959
0.50015681982
0.996733307838
0.491763055325
0.500086963177
0.996234357357
0.491742610931
0.50015860796
0.491710603237
0.491699516773
0.500147879124
0.491766214371
0.491733759642
0.996730327606
0.500321686268
0.500155568123
0.996235847473
0.500272512436
0.996220827103
0.491723418236
0.500153422356
0.49173027277
0.996241271496
0.500126600266
0.996235132217
0.491719663143
0.491742938757
0.996731162071
0.500130295753
0.491703391075
0.996210634708
0.996733307838
0.996211886406
0.491716384888
0.500196278095
0.491709917784
0.996218681335
0.996731162071
0.500262320042
0.996229887009
0.500178039074
0.500190973282
0.500057458878
0.996730327606
0.50013500452
0.996733725071
0.491696745157
0.500140070915
0.996731162071
0.500250935555
0.500225305557
0.996730327606
0.996222496033
0.500121295452
0.500158250332
0.500117361546
0.500117063522
0.996208310127
0.491687357426
0.491685956717
0.500142633915
0.5001090765
0.49170601368
0.491716653109
0.50011742115
0.996733307838
0.491715580225
0.491723388433
0.996733725071
0.500139832497
0.50005531311
0.996731162071
0.49171102047
0.500159084797
0.500187635422
0.996232330799
0.500194787979
0.500050246716
0.996225237846
0.996186375618
0.491704642773
0.5003439188
0.996731162071
0.500257790089
0.996733307838
0.500094652176
0.49173361063
0.491708636284
0.491698235273
0.500200212002
0.491682499647
0.996235847473
0.491697847843
0.491705715656
0.491708427668
0.99622130394
0.491712629795
0.996193647385
0.996244847775
0.996733725071
0.996209204197
0.491714894772
0.491709083319
0.500285804272
0.500163853168
0.500158548355
0.500149965286
0.491682440042
0.996733725071
0.500094890594
0.50007045269
0.500143706799
0.500086903572
0.99620950222
0.500227212906
0.996233046055
0.996730327606
0.491694718599
0.491738408804
0.49173399806
0.491720527411
0.491693258286
0.996730327606
0.491724729538
0.996733307838
0.491676151752
0.996730327606
0.500073969364
0.996733307838
0.996218085289
0.491704493761
0.996733307838
0.491693139076
0.491686522961
0.996195435524
0.50017285347
0.500159978867
0.491698712111
0.996233761311
0.996733725071
0.491751372814
0.996239304543
0.500275969505
0.996731162071
0.491738200188
0.491704314947
0.996277749538
0.996231853962
0.996226906776
0.49171513319
0.996733725071
0.491717129946
0.500086903572
0.500126719475
0.49171513319
0.491710186005
0.49169242382
0.500112116337
0.996230125427
0.500215947628
0.500180482864
0.491717904806
0.491706579924
0.491696864367
0.996230483055
0.500127911568
0.491716444492
0.500247180462
0.500092506409
0.996731162071
0.491738826036
0.996220111847
0.491761922836
0.491716980934
0.996215462685
0.491681694984
0.996731162071
0.996218264103
0.996221721172
0.996228992939
0.49170589447
0.491685330868
0.491744726896
0.5001283288
0.500063478947
0.996247828007
0.996731162071
0.491675287485
0.500139713287
0.500163257122
0.500138580799
0.996733725071
0.500168442726
0.491735696793
0.99623131752
0.500245451927
0.996730327606
0.500124037266
0.500239551067
0.500202894211
0.491710424423
0.500173330307
0.500186622143
0.996731162071
0.500124812126
0.500087618828
0.491713821888
0.49172398448
0.49170935154
0.491738408804
0.491734236479
0.500234186649
0.491683214903
0.500153779984
0.500103712082
0.500158905983
0.491689145565
0.491716951132
0.491748332977
0.50008136034
0.491678804159
0.996731162071
0.996251821518
0.996238648891
0.996730327606
0.500143289566
0.500100433826
0.500206172466
0.996215820312
0.996733307838
0.996733725071
0.500240802765
0.996228158474
0.500115633011
0.500198960304
0.500076591969
0.99623811245
0.500304281712
0.500216066837
0.996260523796
0.996733307838
0.996730327606
0.491719484329
0.50012332201
0.99622374773
0.996248245239
0.996246099472
0.996730327606
0.500128567219
0.996235370636
0.996209919453
0.500164985657
0.996733307838
0.996733307838
0.491690069437
0.50015437603
0.500084042549
0.996238529682
0.491703897715
0.996730327606
0.996733307838
0.491712033749
0.491721272469
0.996733725071
0.500224292278
0.500148177147
0.996221423149
0.996228396893
0.500005543232
0.491777002811
0.996221363544
0.491755068302
0.996241152287
0.491706877947
0.500188887119
0.500117003918
0.996225655079
0.491701871157
0.50005209446
0.491673827171
0.996731162071
0.491694360971
0.500028312206
0.491708219051
0.996287405491
0.500147402287
0.50027936697
0.50028192997
0.500224173069
0.500138521194
0.996230721474
0.491713613272
0.500084102154
0.491719514132
0.996233820915
0.500123202801
0.491728544235
0.500171780586
0.996733725071
0.500158190727
0.491705626249
0.500129759312
0.49171680212
0.996733725071
0.491695165634
0.996733307838
0.996731162071
0.996730327606
0.491718262434
0.500329554081
0.996733725071
0.500069200993
0.500211834908
0.491728425026
0.996244370937
0.500096678734
0.996224582195
0.491740852594
0.500150442123
0.996210098267
0.996731162071
0.996219158173
0.996236503124
0.500108897686
0.491730481386
0.491748481989
0.500174283981
0.500051438808
0.99620205164
0.99620860815
0.500112652779
0.500105440617
0.996731162071
0.50003683567
0.500119030476
0.491709381342
0.50002682209
0.491692364216
0.996272027493
0.491808086634
0.500124394894
0.500131309032
0.491714060307
0.500138819218
0.500205934048
0.996205747128
0.500060677528
0.491707742214
0.996232509613
0.491721659899
0.500204503536
0.996733725071
0.996214449406
0.500170826912
0.500094950199
0.996226489544
0.491735488176
0.500101089478
0.491691857576
0.996241807938
0.49170050025
0.500172257423
0.491691768169
0.50019967556
0.996733725071
0.500119268894
0.500165164471
0.996731162071
0.491703122854
0.500236272812
0.491691291332
0.491734683514
0.996733307838
0.491699099541
0.996235191822
0.491697460413
0.996733725071
0.996236622334
0.491702705622
0.500229716301
0.996733307838
0.996226549149
0.491707623005
0.500132024288
0.500179886818
0.996733307838
0.491709858179
0.996220827103
0.500114381313
0.996731162071
0.996733307838
0.491703182459
0.996730327606
0.491691678762
0.491704702377
0.500171899796
0.500161588192
0.500137150288
0.491745531559
0.491727530956
0.500222682953
0.491777807474
0.500167131424
0.500155031681
0.491695046425
0.996733725071
0.491689115763
0.491721719503
0.996730327606
0.491717457771
0.500200510025
0.996220231056
0.500156223774
0.500194251537
0.491711854935
0.500180006027
0.491709500551
0.500145792961
0.996216893196
0.491739213467
0.50019299984
0.49169677496
0.996730327606
0.49167445302
0.50020134449
0.491691440344
0.50017696619
0.500123620033
0.500161111355
0.996199071407
0.500113368034
0.491684615612
0.491703242064
0.491693496704
0.500088393688
0.500105381012
0.500229477882
0.500067293644
0.500155985355
0.996730327606
0.491692632437
0.996730327606
0.500147283077
0.996731162071
0.996733725071
0.491711109877
0.500143408775
0.491702526808
0.500192523003
0.500180244446
0.491687148809
0.491691678762
0.99621796608
0.49172270298
0.500134110451
0.996730327606
0.996730327606
0.491723656654
0.500224888325
0.996730327606
0.996733725071
0.491716146469
0.500144541264
0.996230244637
0.491686314344
0.491744011641
0.500265181065
0.500177681446
0.491709172726
0.996733725071
0.491730391979
0.500121414661
0.500075042248
0.996233105659
0.996733725071
0.500163853168
0.996235370636
0.491678446531
0.491704821587
0.491751372814
0.996730327606
0.491705387831
0.500149309635
0.996337294579
0.50013667345
0.996733307838
0.491687446833
0.996730327606
0.996731162071
0.491692781448
0.491687625647
0.500311672688
0.491704702377
0.500136077404
0.500211536884
0.99621617794
0.996733307838
0.500102758408
0.500203728676
0.996733725071
0.996731162071
0.500114202499
0.996733725071
0.500083863735
0.996270775795
0.996730327606
0.491700917482
0.996730327606
0.996733725071
0.491716921329
0.996733725071
0.500099599361
0.500274837017
0.996235907078
0.491714030504
0.500140845776
0.99623131752
0.500295758247
0.491708099842
0.491716533899
0.491698920727
0.996733307838
0.500191271305
0.996216237545
0.996730327606
0.491686075926
0.50013756752
0.500218391418
0.500077545643
0.996240854263
0.500144004822
0.500099599361
0.996181190014
0.996730327606
0.5003002882
0.996733725071
0.491694062948
0.996218144894
0.500170469284
0.500221371651
0.500087678432
0.491697430611
0.491711437702
0.996240735054
0.491766244173
0.50017029047
0.996210455894
0.500330030918
0.996731162071
0.491704434156
0.491699278355
0.49170461297
0.491728663445
0.491690427065
0.996210336685
0.500175535679
0.491699635983
0.996246278286
0.500137925148
0.500154912472
0.491696387529
0.491686075926
0.49171885848
0.500132262707
0.491702318192
0.491717368364
0.491678267717
0.996235311031
0.500280797482
0.500074386597
0.996730327606
0.996733307838
0.491691023111
0.500032126904
0.500172495842
0.491706252098
0.500134944916
0.50017118454
0.491723835468
0.491689473391
0.500198304653
0.491722345352
0.996227383614
0.491727143526
0.491710454226
0.99621617794
0.500162065029
0.996217429638
0.996243953705
0.996733725071
0.996249675751
0.996733307838
0.996230363846
0.996733307838
0.500303268433
0.996252834797
0.996206343174
0.996733725071
0.491724312305
0.996238589287
0.996730327606
0.500158190727
0.996271193027
0.491715550423
0.500167131424
0.491717606783
0.500087201595
0.500117540359
0.996211111546
0.500123262405
0.491698533297
0.491718798876
0.996733725071
0.5001501441
0.491719275713
0.500058948994
0.500077843666
0.491730034351
0.491699755192
0.500159978867
0.996733725071
0.500098228455
0.996218919754
0.491726100445
0.500154852867
0.491713821888
0.996730327606
0.996733725071
0.491741508245
0.500183284283
0.500148832798
0.500189244747
0.996221363544
0.99623799324
0.500153958797
0.49170935154
0.996731162071
0.491696029902
0.996215462685
0.996218442917
0.491705179214
0.996730327606
0.491715401411
0.491746544838
0.491694688797
0.500140607357
0.500106871128
0.491707116365
0.491697311401
0.996731162071
0.996731162071
0.996733725071
0.996207714081
0.996231079102
0.996245324612
0.500133812428
0.500182628632
0.996733725071
0.996243357658
0.996730327606
0.491695523262
0.996733307838
0.996730327606
0.500113964081
0.996731162071
0.996733725071
0.491690456867
0.996731162071
0.49170935154
0.500123500824
0.50014847517
0.500179409981
0.491734474897
0.996250391006
0.491722255945
0.491719126701
0.996731162071
0.491705298424
0.50021225214
0.500141441822
0.996222794056
0.500083863735
0.491713553667
0.996731162071
0.491763055325
0.996730327606
0.491702258587
0.500275492668
0.500251948833
0.996733307838
0.996733307838
0.996237754822
0.500177145004
0.996731162071
0.49171051383
0.491702318192
0.500231385231
0.491698801517
0.491683721542
0.996730327606
0.500174164772
0.996204137802
0.491731524467
0.996730327606
0.500099360943
0.491709768772
0.49170011282
0.500153422356
0.500210046768
0.491710424423
0.491708159447
0.996219694614
0.996730327606
0.500080347061
0.491707533598
0.996212303638
0.500199735165
0.996730327606
0.996733307838
0.500096738338
0.491710215807
0.996238172054
0.996232330799
0.491690576077
0.996255159378
0.491747111082
0.491759210825
0.500202417374
0.491710424423
0.996733725071
0.996730327606
0.996733725071
0.996195733547
0.491691708565
0.491722553968
0.996230781078
0.996733725071
0.99620372057
0.491735309362
0.500126123428
0.491723358631
0.500130236149
0.491698175669
0.500216066837
0.491708189249
0.996228337288
0.996733307838
0.996256411076
0.491693407297
0.996224761009
0.49170166254
0.500193834305
0.50014436245
0.500105202198
0.491693586111
0.491710603237
0.500145077705
0.491730898619
0.500062286854
0.996238172054
0.49174490571
0.996730327606
0.996733307838
0.491691470146
0.99620372057
0.500102043152
0.996733725071
0.491700470448
0.500123500824
0.996209919453
0.500187814236
0.500107824802
0.996730327606
0.500039756298
0.500209212303
0.996224939823
0.491743803024
0.491689890623
0.996731162071
0.491699159145
0.996199309826
0.500120997429
0.491700828075
0.996730327606
0.500184893608
0.996731162071
0.996244072914
0.491706460714
0.996234178543
0.996730327606
0.500174880028
0.996209919453
0.500142753124
0.500138819218
0.49167329073
0.500175237656
0.996185600758
0.491695821285
0.500143587589
0.996200084686
0.500143885612
0.996214389801
0.491716921329
0.500104725361
0.996209681034
0.491694122553
0.491705000401
0.996234536171
0.49170178175
0.996216654778
0.500139057636
0.491702467203
0.500096380711
0.996733725071
0.996230781078
0.500178992748
0.500121593475
0.500114738941
0.500211954117
0.996226906776
0.500077307224
0.996227562428
0.500316143036
0.491704016924
0.49171513319
0.491703897715
0.491710036993
0.996731162071
0.996225297451
0.49169510603
0.996731162071
0.491694033146
0.99619102478
0.996236145496
0.500099480152
0.996731162071
0.500247895718
0.491718322039
0.500120401382
0.996730327606
0.500091791153
0.996219933033
0.996730327606
0.996237635612
0.500234901905
0.500170469284
0.996255218983
0.500164091587
0.500199139118
0.996733725071
0.500100374222
0.491738706827
0.996252477169
0.491696983576
0.491706341505
0.491688072681
0.491772472858
0.491681605577
0.491729199886
0.996731162071
0.500296354294
0.996233463287
0.996227920055
0.491687625647
0.491696894169
0.500152766705
0.500123858452
0.491689771414
0.491726189852
0.491714954376
0.491693049669
0.996730327606
0.500102519989
0.996190786362
0.491688609123
0.996733307838
0.996215164661
0.996733307838
0.500119507313
0.500124335289
0.491722166538
0.491692870855
0.491709977388
0.500183820724
0.491716742516
0.996733725071
0.996731162071
0.49172526598
0.50017374754
0.500176250935
0.996234297752
0.500102937222
0.491682201624
0.500165879726
0.491709679365
0.491691470146
0.500174403191
0.491791844368
0.500131547451
0.996733307838
0.491699278355
0.491721242666
0.500218153
0.491717666388
0.491727530956
0.996733307838
0.500136971474
0.996229708195
0.491722226143
0.996194660664
0.996733725071
0.500100195408
0.491746246815
0.500106036663
0.491703271866
0.500163435936
0.491723656654
0.996733725071
0.500145018101
0.500199973583
0.996733725071
0.996733307838
0.491702646017
0.491711348295
0.491725474596
0.500246524811
0.996731162071
0.500100910664
0.491678446531
0.996731162071
0.500222682953
0.996235311031
0.491723060608
0.996733725071
0.996733725071
0.996216416359
0.9962682724
0.996249139309
0.500120341778
0.996226727962
0.500178873539
0.996205925941
0.491696715355
0.491690069437
0.500143408775
0.491700023413
0.996730327606
0.491707056761
0.491678923368
0.996730327606
0.49173822999
0.500222623348
0.500108122826
0.996730327606
0.491721242666
0.49169254303
0.49171257019
0.491698622704
0.491728037596
0.50017285347
0.500315904617
0.491708368063
0.996733725071
0.50011998415
0.491679549217
0.500177919865
0.996188879013
0.491701602936
0.491715937853
0.996207594872
0.996733725071
0.491715878248
0.491734713316
0.500098824501
0.491723567247
0.491738080978
0.500184059143
0.491714715958
0.491712093353
0.500104367733
0.491737097502
0.996218621731
0.49168458581
0.500239253044
0.996730327606
0.500179231167
0.491704702377
0.491738885641
0.996208131313
0.996254682541
0.996198713779
0.996198177338
0.500236868858
0.491692245007
0.491708695889
0.491704106331
0.491686284542
0.500138759613
0.491708219051
0.500150024891
0.491707921028
0.996257960796
0.491680413485
0.500116169453
0.491711854935
0.996232390404
0.500114560127
0.491717100143
0.996233403683
0.996730327606
0.996733307838
0.491730988026
0.996235311031
0.996236503124
0.500123977661
0.996730327606
0.500228404999
0.500223219395
0.500155508518
0.500191032887
0.500160872936
0.996228218079
0.491708904505
0.491735994816
0.996731162071
0.491726368666
0.996731162071
0.491696178913
0.996733725071
0.996170163155
0.50015181303
0.996237635612
0.996730327606
0.491722166538
0.996231436729
0.996255397797
0.49171859026
0.500130653381
0.491708159447
0.500140011311
0.996730327606
0.996731162071
0.491710305214
0.500232875347
0.500124573708
0.996733307838
0.996731162071
0.996733725071
0.500132739544
0.491693407297
0.500072002411
0.996191740036
0.491698145866
0.491690337658
0.500148177147
0.500331044197
0.996188104153
0.996733307838
0.500127971172
0.996730327606
0.996226608753
0.996733725071
0.5001937747
0.996221661568
0.491744548082
0.500095427036
0.491711825132
0.500258803368
0.996238529682
0.996730327606
0.500193834305
0.500175714493
0.491720706224
0.500143408775
0.500134944916
0.996242523193
0.500238120556
0.99623221159
0.500154316425
0.500216364861
0.996733725071
0.996733725071
0.491685509682
0.996255993843
0.996238410473
0.996204376221
0.996733725071
0.500079214573
0.491690278053
0.996230840683
0.491704493761
0.491667032242
0.491691857576
0.491714984179
0.996268391609
0.500415921211
0.491687119007
0.491711497307
0.491740435362
0.996730327606
0.996217608452
0.500149488449
0.996196508408
0.996206700802
0.996733725071
0.491717725992
0.996234357357
0.500148773193
0.500175774097
0.500287115574
0.491712629795
0.500254392624
0.500059366226
0.491732865572
0.500120401382
0.500115573406
0.996225953102
0.491701811552
0.49174746871
0.49169626832
0.500164330006
0.500156223774
0.49168920517
0.996731162071
0.491696864367
0.491710424423
0.50009149313
0.491727054119
0.491677135229
0.491763740778
0.491721868515
0.500243186951
0.500360548496
0.996733307838
0.49175325036
0.500183463097
0.491692900658
0.491713404655
0.491709917784
0.500166773796
0.491694539785
0.996733725071
0.491713315248
0.996733307838
0.491742730141
0.996213018894
0.996733307838
0.500126779079
0.996235430241
0.996241390705
0.491731792688
0.996239125729
0.491714686155
0.996733725071
0.491706162691
0.996730327606
0.996194601059
0.500179052353
0.500176727772
0.491748213768
0.491716653109
0.996733307838
0.996733725071
0.491720169783
0.996733307838
0.491711854935
0.500128507614
0.49169921875
0.500221788883
0.996730327606
0.996733307838
0.500111818314
0.500173687935
0.500150442123
0.500171422958
0.50014090538
0.49170166254
0.996733725071
0.500313580036
0.500170409679
0.500147223473
0.491712629795
0.500332117081
0.996730327606
0.50008046627
0.491716742516
0.996730327606
0.491777211428
0.500157773495
0.491701126099
0.996733725071
0.49167189002
0.500141203403
0.500228941441
0.50018709898
0.500198543072
0.491732895374
0.491701126099
0.500135540962
0.996206879616
0.996226251125
0.500115573406
0.500311553478
0.996730327606
0.500185787678
0.491703659296
0.500053107738
0.491723835468
0.996238172054
0.500284135342
0.996244192123
0.500260472298
0.49171602726
0.491691678762
0.500257015228
0.996731162071
0.491707861423
0.996733725071
0.996731162071
0.491698622704
0.996215701103
0.996221780777
0.500074863434
0.500126898289
0.996229350567
0.996733307838
0.996730327606
0.996730327606
0.491693407297
0.491711676121
0.491708427668
0.996230602264
0.996731162071
0.500232040882
0.491719573736
0.996730327606
0.500131368637
0.491698622704
0.996733307838
0.996731162071
0.996215045452
0.996730327606
0.996730327606
0.500132322311
0.491687476635
0.500165998936
0.491690963507
0.500181853771
0.491712749004
0.996213495731
0.996733725071
0.996212542057
0.996730327606
0.996244847775
0.996242880821
0.996733307838
0.996229469776
0.491684794426
0.996222376823
0.500210523605
0.996733725071
0.50016027689
0.99622631073
0.491741687059
0.500373899937
0.500196814537
0.996731162071
0.500176548958
0.996731162071
0.491730213165
0.996733307838
0.491715818644
0.491703391075
0.491709291935
0.491687744856
0.500175714493
0.491688132286
0.49171385169
0.50010073185
0.500183641911
0.500182569027
0.500126779079
0.49169537425
0.500064611435
0.996240317822
0.500164926052
0.491685658693
0.500164568424
0.500167191029
0.491714656353
0.500191509724
0.491691529751
0.996730327606
0.491699755192
0.500242352486
0.996219396591
0.500182569027
0.491724967957
0.491707772017
0.500276386738
0.996192634106
0.491709381342
0.500198185444
0.500105977058
0.500184237957
0.996214389801
0.491713821888
0.500202178955
0.996733725071
0.500215351582
0.500086307526
0.500079452991
0.491689831018
0.996730327606
0.500196158886
0.491696387529
0.996733307838
0.500086009502
0.996227562428
0.500098049641
0.491707712412
0.500270605087
0.491743385792
0.491698175669
0.49171641469
0.500199377537
0.500225543976
0.491676539183
0.500120818615
0.491747826338
0.491736650467
0.491705834866
0.500184416771
0.500130474567
0.491733670235
0.996733725071
0.996733307838
0.491680711508
0.500245690346
0.491714775562
0.500133216381
0.500245630741
0.500202298164
0.996733725071
0.99621707201
0.500163853168
0.500185668468
0.491681486368
0.996228098869
0.491695404053
0.996733725071
0.500117123127
0.996733307838
0.996733307838
0.491698563099
0.500186860561
0.500211834908
0.491788715124
0.491697341204
0.500192165375
0.500153064728
0.996730327606
0.491729736328
0.491712123156
0.491681396961
0.996733725071
0.996733307838
0.996206521988
0.996208906174
0.996733307838
0.996231853962
0.491707056761
0.491707324982
0.491703152657
0.996220767498
0.491692066193
0.996207356453
0.500151336193
0.996733307838
0.996730327606
0.500148892403
0.491709053516
0.500177443027
0.491697192192
0.996231257915
0.491702914238
0.49173116684
0.50016772747
0.996224701405
0.491698145866
0.500143408775
0.500212371349
0.500067293644
0.500184178352
0.491709560156
0.491734921932
0.49168920517
0.996731162071
0.500142872334
0.491719841957
0.500232756138
0.491723746061
0.500176846981
0.50017696619
0.491742968559
0.996730327606
0.50026756525
0.996733307838
0.500144064426
0.491745501757
0.996730327606
0.500171542168
0.491703748703
0.500164210796
0.491721361876
0.996731162071
0.996733307838
0.996204435825
0.491722822189
0.491746127605
0.996206760406
0.491706907749
0.500090658665
0.996218085289
0.491697281599
0.996733725071
0.491724193096
0.500145792961
0.996213078499
0.99622964859
0.491701483727
0.996207118034
0.996730327606
0.491748332977
0.996222496033
0.491737663746
0.996733307838
0.500056505203
0.491705000401
0.49169626832
0.500095844269
0.491765975952
0.996242403984
0.491740196943
0.491713047028
0.491698503494
0.491718053818
0.9962195158
0.491705000401
0.491739720106
0.50017952919
0.491699248552
0.491709858179
0.500244617462
0.996203541756
0.500152885914
0.491683721542
0.491701900959
0.500174403191
0.996733307838
0.491701543331
0.500174224377
0.500123918056
0.500156641006
0.996733307838
0.491704672575
0.49169588089
0.996733307838
0.996210873127
0.996733725071
0.500143229961
0.996733725071
0.500096619129
0.996733725071
0.996266722679
0.491724222898
0.491685479879
0.500148892403
0.50015348196
0.996216714382
0.49168291688
0.996210813522
0.996730327606
0.996206343174
0.491735100746
0.996238946915
0.996731162071
0.491737931967
0.996220648289
0.491752743721
0.500177145004
0.491700410843
0.996220648289
0.491707265377
0.996237814426
0.491710633039
0.996731162071
0.50015860796
0.996224284172
0.996733725071
0.491699725389
0.50011318922
0.996216654778
Accuracy: 0.664762
